# This file was generated by Animated Java via MC-Build. It is not recommended to edit this file directly.
$data merge entity $(bone_carrot) { transformation: [-1f,6.580022455450643e-17f,1.0328566345430089e-16f,0.06249999999999997f,0f,0.8433914458128857f,-0.5372996083468239f,0.1845872068795928f,-1.2246467991473532e-16f,-0.5372996083468239f,-0.8433914458128857f,0.3419344453920043f,0f,0f,0f,1f], start_interpolation: 0, interpolation_duration: 1 }
$data merge entity $(bone_face) { transformation: [-1f,6.580022455450643e-17f,1.0328566345430089e-16f,0.06249999999999997f,0f,0.8433914458128857f,-0.5372996083468239f,0.1845872068795928f,-1.2246467991473532e-16f,-0.5372996083468239f,-0.8433914458128857f,0.3419344453920043f,0f,0f,0f,1f], start_interpolation: 0, interpolation_duration: 1 }
$data merge entity $(bone_hat) { transformation: [-1f,6.580022455450643e-17f,1.0328566345430089e-16f,2.7755575615628914e-17f,0f,0.8433914458128857f,-0.5372996083468239f,0.3909360333506784f,-1.2246467991473532e-16f,-0.5372996083468239f,-0.8433914458128857f,-0.1600520826284256f,0f,0f,0f,1f], start_interpolation: 0, interpolation_duration: 1 }
$data merge entity $(bone_head) { transformation: [-1f,6.580022455450643e-17f,1.0328566345430089e-16f,0.18749999999999997f,0f,0.8433914458128857f,-0.5372996083468239f,0.3125f,-1.2246467991473532e-16f,-0.5372996083468239f,-0.8433914458128857f,0.19375f,0f,0f,0f,1f], start_interpolation: 0, interpolation_duration: 1 }
$data merge entity $(bone_buttons) { transformation: [-1f,0f,1.2246467991473532e-16f,0.0625f,0f,1f,0f,-0.25f,-1.2246467991473532e-16f,0f,-1f,0.38125f,0f,0f,0f,1f], start_interpolation: 0, interpolation_duration: 1 }
$data merge entity $(bone_scarf) { transformation: [-1f,0f,1.2246467991473532e-16f,0.25f,0f,1f,0f,-0.5625f,-1.2246467991473532e-16f,0f,-1f,3.0616169978683836e-17f,0f,0f,0f,1f], start_interpolation: 0, interpolation_duration: 1 }
$data merge entity $(bone_body) { transformation: [-1f,0f,1.2246467991473532e-16f,-0.875f,0f,1f,0f,-0.0625f,-1.2246467991473532e-16f,0f,-1f,-1.071565949253934e-16f,0f,0f,0f,1f], start_interpolation: 0, interpolation_duration: 1 }
$data merge entity $(bone_bottom) { transformation: [-0.00001f,0f,1.2246467991473532e-16f,0.18750000000000003f,0f,0.00001f,0f,-0.9375f,-1.2246467991473532e-21f,0f,-1f,-0.3125f,0f,0f,0f,1f], start_interpolation: 0, interpolation_duration: 1 }
$data merge entity $(bone_snowball) { transformation: [-1f,0f,1.2246467991473532e-16f,0.06249999999999999f,0f,1f,0f,-0.625f,-1.2246467991473532e-16f,0f,-1f,0.06250000000000001f,0f,0f,0f,1f], start_interpolation: 0, interpolation_duration: 1 }
$data merge entity $(bone_snowball2) { transformation: [-1f,0f,1.2246467991473532e-16f,0.06249999999999999f,0f,1f,0f,-0.625f,-1.2246467991473532e-16f,0f,-1f,0.06250000000000001f,0f,0f,0f,1f], start_interpolation: 0, interpolation_duration: 1 }
$data merge entity $(bone_leftarm) { transformation: [-0.9659258262890683f,-0.25881904510252074f,1.2246467991473532e-16f,0f,-0.25881904510252074f,0.9659258262890683f,0f,-1.5625f,-1.1829179713786698e-16f,-3.169619151431765e-17f,-1f,0f,0f,0f,0f,1f], start_interpolation: 0, interpolation_duration: 1 }
$data merge entity $(bone_rightarm) { transformation: [-0.9659258262890683f,0.25881904510252074f,1.2246467991473532e-16f,-0.5625f,0.25881904510252074f,0.9659258262890683f,0f,-0.125f,-1.1829179713786698e-16f,3.169619151431765e-17f,-1f,-6.888638245203862e-17f,0f,0f,0f,1f], start_interpolation: 0, interpolation_duration: 1 }