# This file was generated by Animated Java via MC-Build. It is not recommended to edit this file directly.
$data merge entity $(bone_carrot) { transformation: [-1f,4.7850762583162267e-17f,1.1272933223801343e-16f,0.06249999999999997f,0f,0.9205048534524403f,-0.39073112848927405f,0.1743839659551891f,-1.2246467991473532e-16f,-0.39073112848927405f,-0.9205048534524403f,0.3562904845984386f,0f,0f,0f,1f], start_interpolation: 0, interpolation_duration: 1 }
$data merge entity $(bone_face) { transformation: [-1f,4.7850762583162267e-17f,1.1272933223801343e-16f,0.06249999999999997f,0f,0.9205048534524403f,-0.39073112848927405f,0.1743839659551891f,-1.2246467991473532e-16f,-0.39073112848927405f,-0.9205048534524403f,0.3562904845984386f,0f,0f,0f,1f], start_interpolation: 0, interpolation_duration: 1 }
$data merge entity $(bone_hat) { transformation: [-1f,4.7850762583162267e-17f,1.1272933223801343e-16f,0f,0f,0.9205048534524403f,-0.39073112848927405f,0.46075451702181136f,-1.2246467991473532e-16f,-0.39073112848927405f,-0.9205048534524403f,-0.10475422037256438f,0f,0f,0f,1f], start_interpolation: 0, interpolation_duration: 1 }
$data merge entity $(bone_head) { transformation: [-1f,4.7850762583162267e-17f,1.1272933223801343e-16f,0.18749999999999997f,0f,0.9205048534524403f,-0.39073112848927405f,0.32499999999999996f,-1.2246467991473532e-16f,-0.39073112848927405f,-0.9205048534524403f,0.23124999999999996f,0f,0f,0f,1f], start_interpolation: 0, interpolation_duration: 1 }
$data merge entity $(bone_buttons) { transformation: [-1f,0f,1.2246467991473532e-16f,0.0625f,0f,1f,0f,-0.2109375f,-1.2246467991473532e-16f,0f,-1f,0.38125f,0f,0f,0f,1f], start_interpolation: 0, interpolation_duration: 1 }
$data merge entity $(bone_scarf) { transformation: [-1f,0f,1.2246467991473532e-16f,0.25f,0f,1f,0f,-0.5234375f,-1.2246467991473532e-16f,0f,-1f,3.0616169978683836e-17f,0f,0f,0f,1f], start_interpolation: 0, interpolation_duration: 1 }
$data merge entity $(bone_body) { transformation: [-1f,0f,1.2246467991473532e-16f,-0.875f,0f,1f,0f,-0.0234375f,-1.2246467991473532e-16f,0f,-1f,-1.071565949253934e-16f,0f,0f,0f,1f], start_interpolation: 0, interpolation_duration: 1 }
$data merge entity $(bone_bottom) { transformation: [-0.00001f,0f,1.2246467991473532e-16f,0.18750000000000003f,0f,0.00001f,0f,-0.8984375f,-1.2246467991473532e-21f,0f,-1f,-0.3125f,0f,0f,0f,1f], start_interpolation: 0, interpolation_duration: 1 }
$data merge entity $(bone_snowball) { transformation: [-1f,0f,1.2246467991473532e-16f,0.06249999999999999f,0f,1f,0f,-0.5859375f,-1.2246467991473532e-16f,0f,-1f,0.06250000000000001f,0f,0f,0f,1f], start_interpolation: 0, interpolation_duration: 1 }
$data merge entity $(bone_snowball2) { transformation: [-1f,0f,1.2246467991473532e-16f,0.06249999999999999f,0f,1f,0f,-0.5859375f,-1.2246467991473532e-16f,0f,-1f,0.06250000000000001f,0f,0f,0f,1f], start_interpolation: 0, interpolation_duration: 1 }
$data merge entity $(bone_leftarm) { transformation: [-0.9781476007338057f,-0.20791169081775934f,1.2246467991473532e-16f,0f,-0.20791169081775934f,0.9781476007338057f,0f,-1.3828125000000002f,-1.1978853283323184e-16f,-2.5461838666528314e-17f,-1f,0f,0f,0f,0f,1f], start_interpolation: 0, interpolation_duration: 1 }
$data merge entity $(bone_rightarm) { transformation: [-0.9781476007338057f,0.20791169081775934f,1.2246467991473532e-16f,-0.5625f,0.20791169081775934f,0.9781476007338057f,0f,0.05468749999999978f,-1.1978853283323184e-16f,2.5461838666528314e-17f,-1f,-6.888638245203862e-17f,0f,0f,0f,1f], start_interpolation: 0, interpolation_duration: 1 }