# This file was generated by Animated Java via MC-Build. It is not recommended to edit this file directly.
$data merge entity $(bone_carrot) { transformation: [-1f,2.858881176219238e-17f,1.1908097106021811e-16f,0.06249999999999997f,0f,0.9723699203976766f,-0.23344536385590547f,0.16831194164233027f,-1.2246467991473532e-16f,-0.23344536385590547f,-0.9723699203976766f,0.36721681374535153f,0f,0f,0f,1f], start_interpolation: 0, interpolation_duration: 1 }
$data merge entity $(bone_face) { transformation: [-1f,2.858881176219238e-17f,1.1908097106021811e-16f,0.06249999999999997f,0f,0.9723699203976766f,-0.23344536385590547f,0.16831194164233027f,-1.2246467991473532e-16f,-0.23344536385590547f,-0.9723699203976766f,0.36721681374535153f,0f,0f,0f,1f], start_interpolation: 0, interpolation_duration: 1 }
$data merge entity $(bone_hat) { transformation: [-1f,2.858881176219238e-17f,1.1908097106021811e-16f,0f,0f,0.9723699203976766f,-0.23344536385590547f,0.5268494176138289f,-1.2246467991473532e-16f,-0.23344536385590547f,-0.9723699203976766f,-0.040240166589980475f,0f,0f,0f,1f], start_interpolation: 0, interpolation_duration: 1 }
$data merge entity $(bone_head) { transformation: [-1f,2.858881176219238e-17f,1.1908097106021811e-16f,0.18749999999999997f,0f,0.9723699203976766f,-0.23344536385590547f,0.3374999999999999f,-1.2246467991473532e-16f,-0.23344536385590547f,-0.9723699203976766f,0.26874999999999993f,0f,0f,0f,1f], start_interpolation: 0, interpolation_duration: 1 }
$data merge entity $(bone_buttons) { transformation: [-1f,0f,1.2246467991473532e-16f,0.0625f,0f,1f,0f,-0.171875f,-1.2246467991473532e-16f,0f,-1f,0.38125f,0f,0f,0f,1f], start_interpolation: 0, interpolation_duration: 1 }
$data merge entity $(bone_scarf) { transformation: [-1f,0f,1.2246467991473532e-16f,0.25f,0f,1f,0f,-0.484375f,-1.2246467991473532e-16f,0f,-1f,3.0616169978683836e-17f,0f,0f,0f,1f], start_interpolation: 0, interpolation_duration: 1 }
$data merge entity $(bone_body) { transformation: [-1f,0f,1.2246467991473532e-16f,-0.875f,0f,1f,0f,0.015625f,-1.2246467991473532e-16f,0f,-1f,-1.071565949253934e-16f,0f,0f,0f,1f], start_interpolation: 0, interpolation_duration: 1 }
$data merge entity $(bone_bottom) { transformation: [-0.00001f,0f,1.2246467991473532e-16f,0.18750000000000003f,0f,0.00001f,0f,-0.859375f,-1.2246467991473532e-21f,0f,-1f,-0.3125f,0f,0f,0f,1f], start_interpolation: 0, interpolation_duration: 1 }
$data merge entity $(bone_snowball) { transformation: [-1f,0f,1.2246467991473532e-16f,0.06249999999999999f,0f,1f,0f,-0.546875f,-1.2246467991473532e-16f,0f,-1f,0.06250000000000001f,0f,0f,0f,1f], start_interpolation: 0, interpolation_duration: 1 }
$data merge entity $(bone_leftarm) { transformation: [-0.9876883405951378f,-0.1564344650402309f,1.2246467991473532e-16f,0f,-0.1564344650402309f,0.9876883405951378f,0f,-1.203125f,-1.2095693648649962e-16f,-1.915769668878473e-17f,-1f,0f,0f,0f,0f,1f], start_interpolation: 0, interpolation_duration: 1 }
$data merge entity $(bone_rightarm) { transformation: [-0.9876883405951378f,0.1564344650402309f,1.2246467991473532e-16f,-0.5625f,0.1564344650402309f,0.9876883405951378f,0f,0.234375f,-1.2095693648649962e-16f,1.915769668878473e-17f,-1f,-6.888638245203862e-17f,0f,0f,0f,1f], start_interpolation: 0, interpolation_duration: 1 }