# This file was generated by Animated Java via MC-Build. It is not recommended to edit this file directly.
$data merge entity $(bone_carrot) { transformation: [-1f,8.542704229054982e-18f,1.221663621095163e-16f,0.06249999999999997f,0f,0.9975640502598242f,-0.06975647374412561f,0.16688054222439014f,-1.2246467991473532e-16f,-0.06975647374412561f,-0.9975640502598242f,0.3754423166541386f,0f,0f,0f,1f], start_interpolation: 0, interpolation_duration: 1 }
$data merge entity $(bone_face) { transformation: [-1f,8.542704229054982e-18f,1.221663621095163e-16f,0.06249999999999997f,0f,0.9975640502598242f,-0.06975647374412561f,0.16688054222439014f,-1.2246467991473532e-16f,-0.06975647374412561f,-0.9975640502598242f,0.3754423166541386f,0f,0f,0f,1f], start_interpolation: 0, interpolation_duration: 1 }
$data merge entity $(bone_hat) { transformation: [-1f,8.542704229054982e-18f,1.221663621095163e-16f,0f,0f,0.9975640502598242f,-0.06975647374412561f,0.587750691482148f,-1.2246467991473532e-16f,-0.06975647374412561f,-0.9975640502598242f,0.032749115723987754f,0f,0f,0f,1f], start_interpolation: 0, interpolation_duration: 1 }
$data merge entity $(bone_head) { transformation: [-1f,8.542704229054982e-18f,1.221663621095163e-16f,0.18749999999999997f,0f,0.9975640502598242f,-0.06975647374412561f,0.3500000000000001f,-1.2246467991473532e-16f,-0.06975647374412561f,-0.9975640502598242f,0.3062499999999999f,0f,0f,0f,1f], start_interpolation: 0, interpolation_duration: 1 }
$data merge entity $(bone_buttons) { transformation: [-1f,0f,1.2246467991473532e-16f,0.0625f,0f,1f,0f,-0.1328125f,-1.2246467991473532e-16f,0f,-1f,0.38125f,0f,0f,0f,1f], start_interpolation: 0, interpolation_duration: 1 }
$data merge entity $(bone_scarf) { transformation: [-1f,0f,1.2246467991473532e-16f,0.25f,0f,1f,0f,-0.4453125f,-1.2246467991473532e-16f,0f,-1f,3.0616169978683836e-17f,0f,0f,0f,1f], start_interpolation: 0, interpolation_duration: 1 }
$data merge entity $(bone_body) { transformation: [-1f,0f,1.2246467991473532e-16f,-0.875f,0f,1f,0f,0.0546875f,-1.2246467991473532e-16f,0f,-1f,-1.071565949253934e-16f,0f,0f,0f,1f], start_interpolation: 0, interpolation_duration: 1 }
$data merge entity $(bone_bottom) { transformation: [-0.00001f,0f,1.2246467991473532e-16f,0.18750000000000003f,0f,0.00001f,0f,-0.8203125f,-1.2246467991473532e-21f,0f,-1f,-0.3125f,0f,0f,0f,1f], start_interpolation: 0, interpolation_duration: 1 }
$data merge entity $(bone_snowball) { transformation: [-1f,0f,1.2246467991473532e-16f,0.06249999999999999f,0f,1f,0f,-0.5078125f,-1.2246467991473532e-16f,0f,-1f,0.06250000000000001f,0f,0f,0f,1f], start_interpolation: 0, interpolation_duration: 1 }
$data merge entity $(bone_leftarm) { transformation: [-0.9945218953682733f,-0.10452846326765355f,1.2246467991473532e-16f,0f,-0.10452846326765355f,0.9945218953682733f,0f,-1.1171875f,-1.217938055844715e-16f,-1.2801044796052362e-17f,-1f,0f,0f,0f,0f,1f], start_interpolation: 0, interpolation_duration: 1 }
$data merge entity $(bone_rightarm) { transformation: [-0.9945218953682733f,0.10452846326765355f,1.2246467991473532e-16f,-0.6458333333333333f,0.10452846326765355f,0.9945218953682733f,0f,0.2578125f,-1.217938055844715e-16f,1.2801044796052362e-17f,-1f,-7.909177244493322e-17f,0f,0f,0f,1f], start_interpolation: 0, interpolation_duration: 1 }