# This file was generated by Animated Java via MC-Build. It is not recommended to edit this file directly.
$data merge entity $(bone_carrot) { transformation: [-1f,-1.173771940357615e-17f,1.2190087682138094e-16f,0.062499999999999944f,0f,0.9953961983671789f,0.09584575252022386f,0.17047188922689144f,-1.2246467991473532e-16f,0.09584575252022386f,-0.9953961983671789f,0.3817699575606118f,0f,0f,0f,1f], start_interpolation: 0, interpolation_duration: 1 }
$data merge entity $(bone_face) { transformation: [-1f,-1.173771940357615e-17f,1.2190087682138094e-16f,0.062499999999999944f,0f,0.9953961983671789f,0.09584575252022386f,0.17047188922689144f,-1.2246467991473532e-16f,0.09584575252022386f,-0.9953961983671789f,0.3817699575606118f,0f,0f,0f,1f], start_interpolation: 0, interpolation_duration: 1 }
$data merge entity $(bone_hat) { transformation: [-1f,-1.173771940357615e-17f,1.2190087682138094e-16f,-2.7755575615628914e-17f,0f,0.9953961983671789f,0.09584575252022386f,0.642130749914897f,-1.2246467991473532e-16f,0.09584575252022386f,-0.9953961983671789f,0.11324019825171777f,0f,0f,0f,1f], start_interpolation: 0, interpolation_duration: 1 }
$data merge entity $(bone_head) { transformation: [-1f,-1.173771940357615e-17f,1.2190087682138094e-16f,0.18749999999999994f,0f,0.9953961983671789f,0.09584575252022386f,0.36250000000000004f,-1.2246467991473532e-16f,0.09584575252022386f,-0.9953961983671789f,0.34374999999999994f,0f,0f,0f,1f], start_interpolation: 0, interpolation_duration: 1 }
$data merge entity $(bone_buttons) { transformation: [-1f,0f,1.2246467991473532e-16f,0.0625f,0f,1f,0f,-0.09375f,-1.2246467991473532e-16f,0f,-1f,0.38125f,0f,0f,0f,1f], start_interpolation: 0, interpolation_duration: 1 }
$data merge entity $(bone_scarf) { transformation: [-1f,0f,1.2246467991473532e-16f,0.25f,0f,1f,0f,-0.40625f,-1.2246467991473532e-16f,0f,-1f,3.0616169978683836e-17f,0f,0f,0f,1f], start_interpolation: 0, interpolation_duration: 1 }
$data merge entity $(bone_body) { transformation: [-1f,0f,1.2246467991473532e-16f,-0.875f,0f,1f,0f,0.09375f,-1.2246467991473532e-16f,0f,-1f,-1.071565949253934e-16f,0f,0f,0f,1f], start_interpolation: 0, interpolation_duration: 1 }
$data merge entity $(bone_bottom) { transformation: [-0.00001f,0f,1.2246467991473532e-16f,0.18750000000000003f,0f,0.00001f,0f,-0.78125f,-1.2246467991473532e-21f,0f,-1f,-0.3125f,0f,0f,0f,1f], start_interpolation: 0, interpolation_duration: 1 }
$data merge entity $(bone_snowball) { transformation: [-1f,0f,1.2246467991473532e-16f,0.06249999999999999f,0f,1f,0f,-0.46875f,-1.2246467991473532e-16f,0f,-1f,0.06250000000000001f,0f,0f,0f,1f], start_interpolation: 0, interpolation_duration: 1 }
$data merge entity $(bone_leftarm) { transformation: [-0.9986295347545738f,-0.05233595624294389f,1.2246467991473532e-16f,0f,-0.05233595624294389f,0.9986295347545738f,0f,-1.03125f,-1.2229684632711994e-16f,-6.409306129323717e-18f,-1f,0f,0f,0f,0f,1f], start_interpolation: 0, interpolation_duration: 1 }
$data merge entity $(bone_rightarm) { transformation: [-0.9986295347545738f,0.05233595624294389f,1.2246467991473532e-16f,-0.7291666666666666f,0.05233595624294389f,0.9986295347545738f,0f,0.28125f,-1.2229684632711994e-16f,6.409306129323717e-18f,-1f,-8.929716243782784e-17f,0f,0f,0f,1f], start_interpolation: 0, interpolation_duration: 1 }