# This file was generated by Animated Java via MC-Build. It is not recommended to edit this file directly.
$data merge entity $(bone_carrot) { transformation: [-1f,-3.169619151431765e-17f,1.1829179713786698e-16f,0.062499999999999944f,0f,0.9659258262890683f,0.25881904510252074f,0.2626636696171164f,-1.2246467991473532e-16f,0.25881904510252074f,-0.9659258262890683f,0.38705475677203743f,0f,0f,0f,1f], start_interpolation: 0, interpolation_duration: 1 }
$data merge entity $(bone_face) { transformation: [-1f,-3.169619151431765e-17f,1.1829179713786698e-16f,0.062499999999999944f,0f,0.9659258262890683f,0.25881904510252074f,0.2626636696171164f,-1.2246467991473532e-16f,0.25881904510252074f,-0.9659258262890683f,0.38705475677203743f,0f,0f,0f,1f], start_interpolation: 0, interpolation_duration: 1 }
$data merge entity $(bone_hat) { transformation: [-1f,-3.169619151431765e-17f,1.1829179713786698e-16f,-2.7755575615628914e-17f,0f,0.9659258262890683f,0.25881904510252074f,0.7721742066274282f,-1.2246467991473532e-16f,0.25881904510252074f,-0.9659258262890683f,0.20005388732094717f,0f,0f,0f,1f], start_interpolation: 0, interpolation_duration: 1 }
$data merge entity $(bone_head) { transformation: [-1f,-3.169619151431765e-17f,1.1829179713786698e-16f,0.18749999999999994f,0f,0.9659258262890683f,0.25881904510252074f,0.4583333333333335f,-1.2246467991473532e-16f,0.25881904510252074f,-0.9659258262890683f,0.38125f,0f,0f,0f,1f], start_interpolation: 0, interpolation_duration: 1 }
$data merge entity $(bone_buttons) { transformation: [-1f,0f,1.2246467991473532e-16f,0.0625f,0f,1f,0f,0.0234375f,-1.2246467991473532e-16f,0f,-1f,0.38125f,0f,0f,0f,1f], start_interpolation: 0, interpolation_duration: 1 }
$data merge entity $(bone_scarf) { transformation: [-1f,0f,1.2246467991473532e-16f,0.25f,0f,1f,0f,-0.2890625f,-1.2246467991473532e-16f,0f,-1f,3.0616169978683836e-17f,0f,0f,0f,1f], start_interpolation: 0, interpolation_duration: 1 }
$data merge entity $(bone_body) { transformation: [-1f,0f,1.2246467991473532e-16f,-0.875f,0f,1f,0f,0.2109375f,-1.2246467991473532e-16f,0f,-1f,-1.071565949253934e-16f,0f,0f,0f,1f], start_interpolation: 0, interpolation_duration: 1 }
$data merge entity $(bone_bottom) { transformation: [-0.00001f,0f,1.2246467991473532e-16f,0.18750000000000003f,0f,0.00001f,0f,-0.6640625f,-1.2246467991473532e-21f,0f,-1f,-0.3125f,0f,0f,0f,1f], start_interpolation: 0, interpolation_duration: 1 }
$data merge entity $(bone_snowball) { transformation: [-1f,0f,1.2246467991473532e-16f,0.06249999999999999f,0f,1f,0f,-0.35156249999999994f,-1.2246467991473532e-16f,0f,-1f,0.06250000000000001f,0f,0f,0f,1f], start_interpolation: 0, interpolation_duration: 1 }
$data merge entity $(bone_leftarm) { transformation: [-0.9293475242268224f,0.36920614731268453f,1.2246467991473532e-16f,-0.2916666666666668f,0.36920614731268453f,0.9293475242268224f,0f,-0.6901041666666665f,-1.1381224708398953e-16f,4.521471265320053e-17f,-1f,-3.571886497513115e-17f,0f,0f,0f,1f], start_interpolation: 0, interpolation_duration: 1 }
$data merge entity $(bone_rightarm) { transformation: [-0.9396926207859083f,-0.3420201433256688f,1.2246467991473532e-16f,-0.8541666666666667f,-0.3420201433256688f,0.9396926207859083f,0f,0.14322916666666652f,-1.1507915602278503e-16f,-4.188538737676993e-17f,-1f,-1.0460524742716977e-16f,0f,0f,0f,1f], start_interpolation: 0, interpolation_duration: 1 }