# This file was generated by Animated Java via MC-Build. It is not recommended to edit this file directly.
$data merge entity $(bone_carrot) { transformation: [-1f,-3.169619151431765e-17f,1.1829179713786698e-16f,0.062499999999999944f,0f,0.9659258262890683f,0.25881904510252074f,0.39522319342664014f,-1.2246467991473532e-16f,0.25881904510252074f,-0.9659258262890683f,0.3959833282006089f,0f,0f,0f,1f], start_interpolation: 0, interpolation_duration: 1 }
$data merge entity $(bone_face) { transformation: [-1f,-3.169619151431765e-17f,1.1829179713786698e-16f,0.062499999999999944f,0f,0.9659258262890683f,0.25881904510252074f,0.39522319342664014f,-1.2246467991473532e-16f,0.25881904510252074f,-0.9659258262890683f,0.3959833282006089f,0f,0f,0f,1f], start_interpolation: 0, interpolation_duration: 1 }
$data merge entity $(bone_hat) { transformation: [-1f,-3.169619151431765e-17f,1.1829179713786698e-16f,-2.7755575615628914e-17f,0f,0.9659258262890683f,0.25881904510252074f,0.904733730436952f,-1.2246467991473532e-16f,0.25881904510252074f,-0.9659258262890683f,0.20898245874951862f,0f,0f,0f,1f], start_interpolation: 0, interpolation_duration: 1 }
$data merge entity $(bone_head) { transformation: [-1f,-3.169619151431765e-17f,1.1829179713786698e-16f,0.18749999999999994f,0f,0.9659258262890683f,0.25881904510252074f,0.5908928571428572f,-1.2246467991473532e-16f,0.25881904510252074f,-0.9659258262890683f,0.39017857142857143f,0f,0f,0f,1f], start_interpolation: 0, interpolation_duration: 1 }
$data merge entity $(bone_buttons) { transformation: [-1f,-3.0531291837560336e-18f,1.2242661568795353e-16f,0.0625f,0f,0.9996891820008162f,0.024930691738072896f,0.14394630929256388f,-1.2246467991473532e-16f,0.024930691738072896f,-0.9996891820008162f,0.38538556736549395f,0f,0f,0f,1f], start_interpolation: 0, interpolation_duration: 1 }
$data merge entity $(bone_scarf) { transformation: [-1f,-3.0531291837560336e-18f,1.2242661568795353e-16f,0.25f,0f,0.9996891820008162f,0.024930691738072896f,-0.1589517338575509f,-1.2246467991473532e-16f,0.024930691738072896f,-0.9996891820008162f,-0.0035367744404649834f,0f,0f,0f,1f], start_interpolation: 0, interpolation_duration: 1 }
$data merge entity $(bone_body) { transformation: [-1f,-3.0531291837560336e-18f,1.2242661568795353e-16f,-0.875f,0f,0.9996891820008162f,0.024930691738072896f,0.3408928571428572f,-1.2246467991473532e-16f,0.024930691738072896f,-0.9996891820008162f,0.008928571428571327f,0f,0f,0f,1f], start_interpolation: 0, interpolation_duration: 1 }
$data merge entity $(bone_bottom) { transformation: [-0.00001f,0f,1.2246467991473532e-16f,0.18750000000000003f,0f,0.00001f,0f,-0.5340909090909091f,-1.2246467991473532e-21f,0f,-1f,-0.3125f,0f,0f,0f,1f], start_interpolation: 0, interpolation_duration: 1 }
$data merge entity $(bone_snowball) { transformation: [-1f,0f,1.2246467991473532e-16f,0.06249999999999999f,0f,1f,0f,-0.1665625f,-1.2246467991473532e-16f,0f,-1f,0.06250000000000001f,0f,0f,0f,1f], start_interpolation: 0, interpolation_duration: 1 }
$data merge entity $(bone_leftarm) { transformation: [-0.7660444431189781f,0.6427876096865394f,1.2246467991473532e-16f,-0.5625f,0.6427876096865394f,0.7660444431189781f,0f,-0.3806818181818181f,-9.381338752702732e-17f,7.871877887341986e-17f,-1f,-6.888638245203862e-17f,0f,0f,0f,1f], start_interpolation: 0, interpolation_duration: 1 }
$data merge entity $(bone_rightarm) { transformation: [-0.7660444431189781f,-0.6427876096865394f,1.2246467991473532e-16f,-0.875f,-0.6427876096865394f,0.7660444431189781f,0f,0.05681818181818188f,-9.381338752702732e-17f,-7.871877887341986e-17f,-1f,-1.071565949253934e-16f,0f,0f,0f,1f], start_interpolation: 0, interpolation_duration: 1 }