# This file was generated by Animated Java via MC-Build. It is not recommended to edit this file directly.
$data merge entity $(bone_carrot) { transformation: [-1f,-3.169619151431765e-17f,1.1829179713786698e-16f,0.062499999999999944f,0f,0.9659258262890683f,0.25881904510252074f,0.48611605056949736f,-1.2246467991473532e-16f,0.25881904510252074f,-0.9659258262890683f,0.40491189962918034f,0f,0f,0f,1f], start_interpolation: 0, interpolation_duration: 1 }
$data merge entity $(bone_face) { transformation: [-1f,-3.169619151431765e-17f,1.1829179713786698e-16f,0.062499999999999944f,0f,0.9659258262890683f,0.25881904510252074f,0.48611605056949736f,-1.2246467991473532e-16f,0.25881904510252074f,-0.9659258262890683f,0.40491189962918034f,0f,0f,0f,1f], start_interpolation: 0, interpolation_duration: 1 }
$data merge entity $(bone_hat) { transformation: [-1f,-3.169619151431765e-17f,1.1829179713786698e-16f,-2.7755575615628914e-17f,0f,0.9659258262890683f,0.25881904510252074f,0.9956265875798092f,-1.2246467991473532e-16f,0.25881904510252074f,-0.9659258262890683f,0.21791103017809008f,0f,0f,0f,1f], start_interpolation: 0, interpolation_duration: 1 }
$data merge entity $(bone_head) { transformation: [-1f,-3.169619151431765e-17f,1.1829179713786698e-16f,0.18749999999999994f,0f,0.9659258262890683f,0.25881904510252074f,0.6817857142857144f,-1.2246467991473532e-16f,0.25881904510252074f,-0.9659258262890683f,0.3991071428571429f,0f,0f,0f,1f], start_interpolation: 0, interpolation_duration: 1 }
$data merge entity $(bone_buttons) { transformation: [-1f,-6.104360432503777e-18f,1.2231244666970185e-16f,0.0625f,0f,0.9987569212189223f,0.0498458856606972f,0.2255150476490257f,-1.2246467991473532e-16f,0.0498458856606972f,-0.9987569212189223f,0.38928711551047623f,0f,0f,0f,1f], start_interpolation: 0, interpolation_duration: 1 }
$data merge entity $(bone_scarf) { transformation: [-1f,-6.104360432503777e-18f,1.2231244666970185e-16f,0.25f,0f,0.9987569212189223f,0.0498458856606972f,-0.06759274632374673f,-1.2246467991473532e-16f,0.0498458856606972f,-0.9987569212189223f,-0.007065799973205698f,0f,0f,0f,1f], start_interpolation: 0, interpolation_duration: 1 }
$data merge entity $(bone_body) { transformation: [-1f,-6.104360432503777e-18f,1.2231244666970185e-16f,-0.875f,0f,0.9987569212189223f,0.0498458856606972f,0.43178571428571444f,-1.2246467991473532e-16f,0.0498458856606972f,-0.9987569212189223f,0.017857142857142762f,0f,0f,0f,1f], start_interpolation: 0, interpolation_duration: 1 }
$data merge entity $(bone_bottom) { transformation: [-0.00001f,0f,1.2246467991473532e-16f,0.18750000000000003f,0f,0.00001f,0f,-0.443181818181818f,-1.2246467991473532e-21f,0f,-1f,-0.3125f,0f,0f,0f,1f], start_interpolation: 0, interpolation_duration: 1 }
$data merge entity $(bone_snowball) { transformation: [-1f,0f,1.2246467991473532e-16f,0.06249999999999999f,0f,1f,0f,-0.020625000000000004f,-1.2246467991473532e-16f,0f,-1f,0.06250000000000001f,0f,0f,0f,1f], start_interpolation: 0, interpolation_duration: 1 }
$data merge entity $(bone_leftarm) { transformation: [-0.6626200482157375f,0.7489557207890021f,1.2246467991473532e-16f,-0.6f,0.7489557207890021f,0.6626200482157375f,0f,-0.0863636363636362f,-8.114755210982678e-17f,9.172062261673502e-17f,-1f,-7.347880794884119e-17f,0f,0f,0f,1f], start_interpolation: 0, interpolation_duration: 1 }
$data merge entity $(bone_rightarm) { transformation: [-0.636078220277764f,-0.7716245833877199f,1.2246467991473532e-16f,-0.875f,-0.7716245833877199f,0.636078220277764f,0f,-0.04886363636363633f,-7.789711564705086e-17f,-9.44967576189181e-17f,-1f,-1.071565949253934e-16f,0f,0f,0f,1f], start_interpolation: 0, interpolation_duration: 1 }