# This file was generated by Animated Java via MC-Build. It is not recommended to edit this file directly.
$data merge entity $(bone_carrot) { transformation: [-1f,-3.169619151431765e-17f,1.1829179713786698e-16f,0.062499999999999944f,0f,0.9659258262890683f,0.25881904510252074f,0.5770089077123545f,-1.2246467991473532e-16f,0.25881904510252074f,-0.9659258262890683f,0.41384047105775174f,0f,0f,0f,1f], start_interpolation: 0, interpolation_duration: 1 }
$data merge entity $(bone_face) { transformation: [-1f,-3.169619151431765e-17f,1.1829179713786698e-16f,0.062499999999999944f,0f,0.9659258262890683f,0.25881904510252074f,0.5770089077123545f,-1.2246467991473532e-16f,0.25881904510252074f,-0.9659258262890683f,0.41384047105775174f,0f,0f,0f,1f], start_interpolation: 0, interpolation_duration: 1 }
$data merge entity $(bone_hat) { transformation: [-1f,-3.169619151431765e-17f,1.1829179713786698e-16f,-2.7755575615628914e-17f,0f,0.9659258262890683f,0.25881904510252074f,1.0865194447226663f,-1.2246467991473532e-16f,0.25881904510252074f,-0.9659258262890683f,0.22683960160666147f,0f,0f,0f,1f], start_interpolation: 0, interpolation_duration: 1 }
$data merge entity $(bone_head) { transformation: [-1f,-3.169619151431765e-17f,1.1829179713786698e-16f,0.18749999999999994f,0f,0.9659258262890683f,0.25881904510252074f,0.7726785714285715f,-1.2246467991473532e-16f,0.25881904510252074f,-0.9659258262890683f,0.4080357142857143f,0f,0f,0f,1f], start_interpolation: 0, interpolation_duration: 1 }
$data merge entity $(bone_buttons) { transformation: [-1f,-9.151796991059665e-18f,1.2212224383155186e-16f,0.0625f,0f,0.9972037971811801f,0.07473009358642428f,0.30721201127727604f,-1.2246467991473532e-16f,0.07473009358642428f,-0.9972037971811801f,0.3929577694135847f,0f,0f,0f,1f], start_interpolation: 0, interpolation_duration: 1 }
$data merge entity $(bone_scarf) { transformation: [-1f,-9.151796991059665e-18f,1.2212224383155186e-16f,0.25f,0f,0.9972037971811801f,0.07473009358642428f,0.024076672837981483f,-1.2246467991473532e-16f,0.07473009358642428f,-0.9972037971811801f,-0.010579332507497808f,0f,0f,0f,1f], start_interpolation: 0, interpolation_duration: 1 }
$data merge entity $(bone_body) { transformation: [-1f,-9.151796991059665e-18f,1.2212224383155186e-16f,-0.875f,0f,0.9972037971811801f,0.07473009358642428f,0.5226785714285715f,-1.2246467991473532e-16f,0.07473009358642428f,-0.9972037971811801f,0.026785714285714194f,0f,0f,0f,1f], start_interpolation: 0, interpolation_duration: 1 }
$data merge entity $(bone_bottom) { transformation: [-0.00001f,0f,1.2246467991473532e-16f,0.18750000000000003f,0f,0.00001f,0f,-0.35227272727272707f,-1.2246467991473532e-21f,0f,-1f,-0.3125f,0f,0f,0f,1f], start_interpolation: 0, interpolation_duration: 1 }
$data merge entity $(bone_snowball) { transformation: [-1f,0f,1.2246467991473532e-16f,0.06249999999999999f,0f,1f,0f,0.08250000000000021f,-1.2246467991473532e-16f,0f,-1f,0.06250000000000001f,0f,0f,0f,1f], start_interpolation: 0, interpolation_duration: 1 }
$data merge entity $(bone_leftarm) { transformation: [-0.6626200482157375f,0.7489557207890021f,1.2246467991473532e-16f,-0.6f,0.7489557207890021f,0.6626200482157375f,0f,-0.09204545454545443f,-8.114755210982678e-17f,9.172062261673502e-17f,-1f,-7.347880794884119e-17f,0f,0f,0f,1f], start_interpolation: 0, interpolation_duration: 1 }
$data merge entity $(bone_rightarm) { transformation: [-0.636078220277764f,-0.7716245833877199f,1.2246467991473532e-16f,-0.875f,-0.7716245833877199f,0.636078220277764f,0f,0.007954545454545658f,-7.789711564705086e-17f,-9.44967576189181e-17f,-1f,-1.071565949253934e-16f,0f,0f,0f,1f], start_interpolation: 0, interpolation_duration: 1 }