# This file was generated by Animated Java via MC-Build. It is not recommended to edit this file directly.
$data merge entity $(bone_carrot) { transformation: [-1f,-3.169619151431765e-17f,1.1829179713786698e-16f,0.062499999999999944f,0f,0.9659258262890683f,0.25881904510252074f,0.6679017648552114f,-1.2246467991473532e-16f,0.25881904510252074f,-0.9659258262890683f,0.42276904248632313f,0f,0f,0f,1f], start_interpolation: 0, interpolation_duration: 1 }
$data merge entity $(bone_face) { transformation: [-1f,-3.169619151431765e-17f,1.1829179713786698e-16f,0.062499999999999944f,0f,0.9659258262890683f,0.25881904510252074f,0.6679017648552114f,-1.2246467991473532e-16f,0.25881904510252074f,-0.9659258262890683f,0.42276904248632313f,0f,0f,0f,1f], start_interpolation: 0, interpolation_duration: 1 }
$data merge entity $(bone_hat) { transformation: [-1f,-3.169619151431765e-17f,1.1829179713786698e-16f,-2.7755575615628914e-17f,0f,0.9659258262890683f,0.25881904510252074f,1.1774123018655231f,-1.2246467991473532e-16f,0.25881904510252074f,-0.9659258262890683f,0.23576817303523287f,0f,0f,0f,1f], start_interpolation: 0, interpolation_duration: 1 }
$data merge entity $(bone_head) { transformation: [-1f,-3.169619151431765e-17f,1.1829179713786698e-16f,0.18749999999999994f,0f,0.9659258262890683f,0.25881904510252074f,0.8635714285714284f,-1.2246467991473532e-16f,0.25881904510252074f,-0.9659258262890683f,0.4169642857142857f,0f,0f,0f,1f], start_interpolation: 0, interpolation_duration: 1 }
$data merge entity $(bone_buttons) { transformation: [-1f,-1.219354446315615e-17f,1.218561254104348e-16f,0.0625f,0f,0.9950307753654014f,0.0995678465958166f,0.38904291667576063f,-1.2246467991473532e-16f,0.0995678465958166f,-0.9950307753654014f,0.39640079758562935f,0f,0f,0f,1f], start_interpolation: 0, interpolation_duration: 1 }
$data merge entity $(bone_scarf) { transformation: [-1f,-1.219354446315615e-17f,1.218561254104348e-16f,0.25f,0f,0.9950307753654014f,0.0995678465958166f,0.11605604088872773f,-1.2246467991473532e-16f,0.0995678465958166f,-0.9950307753654014f,-0.01406963758362257f,0f,0f,0f,1f], start_interpolation: 0, interpolation_duration: 1 }
$data merge entity $(bone_body) { transformation: [-1f,-1.219354446315615e-17f,1.218561254104348e-16f,-0.875f,0f,0.9950307753654014f,0.0995678465958166f,0.6135714285714284f,-1.2246467991473532e-16f,0.0995678465958166f,-0.9950307753654014f,0.035714285714285594f,0f,0f,0f,1f], start_interpolation: 0, interpolation_duration: 1 }
$data merge entity $(bone_bottom) { transformation: [-1f,0f,1.2246467991473532e-16f,0.18750000000000003f,0f,1f,0f,-0.26136363636363646f,-1.2246467991473532e-16f,0f,-1f,-0.3125f,0f,0f,0f,1f], start_interpolation: 0, interpolation_duration: 1 }
$data merge entity $(bone_snowball) { transformation: [-1f,0f,1.2246467991473532e-16f,0.06249999999999999f,0f,1f,0f,0.18562499999999998f,-1.2246467991473532e-16f,0f,-1f,0.06250000000000001f,0f,0f,0f,1f], start_interpolation: 0, interpolation_duration: 1 }
$data merge entity $(bone_leftarm) { transformation: [-0.6626200482157375f,0.7489557207890021f,1.2246467991473532e-16f,-0.6f,0.7489557207890021f,0.6626200482157375f,0f,-0.09772727272727288f,-8.114755210982678e-17f,9.172062261673502e-17f,-1f,-7.347880794884119e-17f,0f,0f,0f,1f], start_interpolation: 0, interpolation_duration: 1 }
$data merge entity $(bone_rightarm) { transformation: [-0.636078220277764f,-0.7716245833877199f,1.2246467991473532e-16f,-0.875f,-0.7716245833877199f,0.636078220277764f,0f,0.0647727272727271f,-7.789711564705086e-17f,-9.44967576189181e-17f,-1f,-1.071565949253934e-16f,0f,0f,0f,1f], start_interpolation: 0, interpolation_duration: 1 }