# This file was generated by Animated Java via MC-Build. It is not recommended to edit this file directly.
$data merge entity $(bone_carrot) { transformation: [-1f,-3.169619151431765e-17f,1.1829179713786698e-16f,0.062499999999999944f,0f,0.9659258262890683f,0.25881904510252074f,0.7587946219980685f,-1.2246467991473532e-16f,0.25881904510252074f,-0.9659258262890683f,0.43169761391489453f,0f,0f,0f,1f], start_interpolation: 0, interpolation_duration: 1 }
$data merge entity $(bone_face) { transformation: [-1f,-3.169619151431765e-17f,1.1829179713786698e-16f,0.062499999999999944f,0f,0.9659258262890683f,0.25881904510252074f,0.7587946219980685f,-1.2246467991473532e-16f,0.25881904510252074f,-0.9659258262890683f,0.43169761391489453f,0f,0f,0f,1f], start_interpolation: 0, interpolation_duration: 1 }
$data merge entity $(bone_hat) { transformation: [-1f,-3.169619151431765e-17f,1.1829179713786698e-16f,-2.7755575615628914e-17f,0f,0.9659258262890683f,0.25881904510252074f,1.2683051590083803f,-1.2246467991473532e-16f,0.25881904510252074f,-0.9659258262890683f,0.24469674446380427f,0f,0f,0f,1f], start_interpolation: 0, interpolation_duration: 1 }
$data merge entity $(bone_head) { transformation: [-1f,-3.169619151431765e-17f,1.1829179713786698e-16f,0.18749999999999994f,0f,0.9659258262890683f,0.25881904510252074f,0.9544642857142855f,-1.2246467991473532e-16f,0.25881904510252074f,-0.9659258262890683f,0.4258928571428571f,0f,0f,0f,1f], start_interpolation: 0, interpolation_duration: 1 }
$data merge entity $(bone_buttons) { transformation: [-1f,-1.5227711989066654e-17f,1.21514256835141e-16f,0.0625f,0f,0.9922392066001721f,0.12434370464748513f,0.4710133970798996f,-1.2246467991473532e-16f,0.12434370464748513f,-0.9922392066001721f,0.39961961003776925f,0f,0f,0f,1f], start_interpolation: 0, interpolation_duration: 1 }
$data merge entity $(bone_scarf) { transformation: [-1f,-1.5227711989066654e-17f,1.21514256835141e-16f,0.25f,0f,0.9922392066001721f,0.12434370464748513f,0.2083446824141995f,-1.2246467991473532e-16f,0.12434370464748513f,-0.9922392066001721f,-0.017528995180885402f,0f,0f,0f,1f], start_interpolation: 0, interpolation_duration: 1 }
$data merge entity $(bone_body) { transformation: [-1f,-1.5227711989066654e-17f,1.21514256835141e-16f,-0.875f,0f,0.9922392066001721f,0.12434370464748513f,0.7044642857142855f,-1.2246467991473532e-16f,0.12434370464748513f,-0.9922392066001721f,0.044642857142857026f,0f,0f,0f,1f], start_interpolation: 0, interpolation_duration: 1 }
$data merge entity $(bone_bottom) { transformation: [-1f,0f,1.2246467991473532e-16f,0.18750000000000003f,0f,1f,0f,-0.17045454545454541f,-1.2246467991473532e-16f,0f,-1f,-0.3125f,0f,0f,0f,1f], start_interpolation: 0, interpolation_duration: 1 }
$data merge entity $(bone_snowball) { transformation: [-1f,0f,1.2246467991473532e-16f,0.06249999999999999f,0f,1f,0f,0.270625f,-1.2246467991473532e-16f,0f,-1f,0.06250000000000001f,0f,0f,0f,1f], start_interpolation: 0, interpolation_duration: 1 }
$data merge entity $(bone_leftarm) { transformation: [-0.7481290746055271f,0.6635532290102111f,1.2246467991473532e-16f,-0.5142857142857142f,0.6635532290102111f,0.7481290746055271f,0f,-0.08376623376623382f,-9.161938765647302e-17f,8.126183379712456e-17f,-1f,-6.298183538472102e-17f,0f,0f,0f,1f], start_interpolation: 0, interpolation_duration: 1 }
$data merge entity $(bone_rightarm) { transformation: [-0.7279437320099111f,-0.685636874028434f,1.2246467991473532e-16f,-0.875f,-0.685636874028434f,0.7279437320099111f,0f,0.23409090909090913f,-8.914739613653163e-17f,-8.396630031563188e-17f,-1f,-1.071565949253934e-16f,0f,0f,0f,1f], start_interpolation: 0, interpolation_duration: 1 }