# This file was generated by Animated Java via MC-Build. It is not recommended to edit this file directly.
$data merge entity $(bone_carrot) { transformation: [-1f,-3.169619151431765e-17f,1.1829179713786698e-16f,0.062499999999999944f,0f,0.9659258262890683f,0.25881904510252074f,0.8496874791409256f,-1.2246467991473532e-16f,0.25881904510252074f,-0.9659258262890683f,0.44062618534346604f,0f,0f,0f,1f], start_interpolation: 0, interpolation_duration: 1 }
$data merge entity $(bone_face) { transformation: [-1f,-3.169619151431765e-17f,1.1829179713786698e-16f,0.062499999999999944f,0f,0.9659258262890683f,0.25881904510252074f,0.8496874791409256f,-1.2246467991473532e-16f,0.25881904510252074f,-0.9659258262890683f,0.44062618534346604f,0f,0f,0f,1f], start_interpolation: 0, interpolation_duration: 1 }
$data merge entity $(bone_hat) { transformation: [-1f,-3.169619151431765e-17f,1.1829179713786698e-16f,-2.7755575615628914e-17f,0f,0.9659258262890683f,0.25881904510252074f,1.3591980161512374f,-1.2246467991473532e-16f,0.25881904510252074f,-0.9659258262890683f,0.2536253158923758f,0f,0f,0f,1f], start_interpolation: 0, interpolation_duration: 1 }
$data merge entity $(bone_head) { transformation: [-1f,-3.169619151431765e-17f,1.1829179713786698e-16f,0.18749999999999994f,0f,0.9659258262890683f,0.25881904510252074f,1.0453571428571427f,-1.2246467991473532e-16f,0.25881904510252074f,-0.9659258262890683f,0.4348214285714286f,0f,0f,0f,1f], start_interpolation: 0, interpolation_duration: 1 }
$data merge entity $(bone_buttons) { transformation: [-1f,-1.8252413421031987e-17f,1.2109685062348362e-16f,0.0625f,0f,0.9888308262251285f,0.14904226617617444f,0.5531289989602647f,-1.2246467991473532e-16f,0.14904226617617444f,-0.9888308262251285f,0.4026177561617261f,0f,0f,0f,1f], start_interpolation: 0, interpolation_duration: 1 }
$data merge entity $(bone_scarf) { transformation: [-1f,-1.8252413421031987e-17f,1.2109685062348362e-16f,0.25f,0f,0.9888308262251285f,0.14904226617617444f,0.3009417297445785f,-1.2246467991473532e-16f,0.14904226617617444f,-0.9888308262251285f,-0.020949704516658618f,0f,0f,0f,1f], start_interpolation: 0, interpolation_duration: 1 }
$data merge entity $(bone_body) { transformation: [-1f,-1.8252413421031987e-17f,1.2109685062348362e-16f,-0.875f,0f,0.9888308262251285f,0.14904226617617444f,0.7953571428571428f,-1.2246467991473532e-16f,0.14904226617617444f,-0.9888308262251285f,0.053571428571428464f,0f,0f,0f,1f], start_interpolation: 0, interpolation_duration: 1 }
$data merge entity $(bone_bottom) { transformation: [-1f,0f,1.2246467991473532e-16f,0.18750000000000003f,0f,1f,0f,-0.07954545454545447f,-1.2246467991473532e-16f,0f,-1f,-0.3125f,0f,0f,0f,1f], start_interpolation: 0, interpolation_duration: 1 }
$data merge entity $(bone_snowball) { transformation: [-1f,0f,1.2246467991473532e-16f,0.06249999999999999f,0f,1f,0f,0.35562499999999997f,-1.2246467991473532e-16f,0f,-1f,0.06250000000000001f,0f,0f,0f,1f], start_interpolation: 0, interpolation_duration: 1 }
$data merge entity $(bone_leftarm) { transformation: [-0.8227113921730336f,0.5684592907048921f,1.2246467991473532e-16f,-0.42857142857142844f,0.5684592907048921f,0.8227113921730336f,0f,-0.06980519480519476f,-1.0075308730467684e-16f,6.961618508073208e-17f,-1f,-5.2484862820600835e-17f,0f,0f,0f,1f], start_interpolation: 0, interpolation_duration: 1 }
$data merge entity $(bone_rightarm) { transformation: [-0.8082835953220053f,-0.5887933674332047f,1.2246467991473532e-16f,-0.875f,-0.5887933674332047f,0.8082835953220053f,0f,0.40340909090909105f,-9.898619178144084e-17f,-7.210639127862655e-17f,-1f,-1.071565949253934e-16f,0f,0f,0f,1f], start_interpolation: 0, interpolation_duration: 1 }