# This file was generated by Animated Java via MC-Build. It is not recommended to edit this file directly.
$data merge entity $(bone_carrot) { transformation: [-1f,-3.169619151431765e-17f,1.1829179713786698e-16f,0.062499999999999944f,0f,0.9659258262890683f,0.25881904510252074f,0.9405803362837829f,-1.2246467991473532e-16f,0.25881904510252074f,-0.9659258262890683f,0.44955475677203743f,0f,0f,0f,1f], start_interpolation: 0, interpolation_duration: 1 }
$data merge entity $(bone_face) { transformation: [-1f,-3.169619151431765e-17f,1.1829179713786698e-16f,0.062499999999999944f,0f,0.9659258262890683f,0.25881904510252074f,0.9405803362837829f,-1.2246467991473532e-16f,0.25881904510252074f,-0.9659258262890683f,0.44955475677203743f,0f,0f,0f,1f], start_interpolation: 0, interpolation_duration: 1 }
$data merge entity $(bone_hat) { transformation: [-1f,-3.169619151431765e-17f,1.1829179713786698e-16f,-2.7755575615628914e-17f,0f,0.9659258262890683f,0.25881904510252074f,1.4500908732940947f,-1.2246467991473532e-16f,0.25881904510252074f,-0.9659258262890683f,0.2625538873209472f,0f,0f,0f,1f], start_interpolation: 0, interpolation_duration: 1 }
$data merge entity $(bone_head) { transformation: [-1f,-3.169619151431765e-17f,1.1829179713786698e-16f,0.18749999999999994f,0f,0.9659258262890683f,0.25881904510252074f,1.13625f,-1.2246467991473532e-16f,0.25881904510252074f,-0.9659258262890683f,0.44375f,0f,0f,0f,1f], start_interpolation: 0, interpolation_duration: 1 }
$data merge entity $(bone_buttons) { transformation: [-1f,-2.1265768495757713e-17f,1.2060416625018976e-16f,0.0625f,0f,0.984807753012208f,0.17364817766693033f,0.6353951785746939f,-1.2246467991473532e-16f,0.17364817766693033f,-0.984807753012208f,0.40539892252335485f,0f,0f,0f,1f], start_interpolation: 0, interpolation_duration: 1 }
$data merge entity $(bone_scarf) { transformation: [-1f,-2.1265768495757713e-17f,1.2060416625018976e-16f,0.25f,0f,0.984807753012208f,0.17364817766693033f,0.39384612349389597f,-1.2246467991473532e-16f,0.17364817766693033f,-0.984807753012208f,-0.02432408883346513f,0f,0f,0f,1f], start_interpolation: 0, interpolation_duration: 1 }
$data merge entity $(bone_body) { transformation: [-1f,-2.1265768495757713e-17f,1.2060416625018976e-16f,-0.875f,0f,0.984807753012208f,0.17364817766693033f,0.88625f,-1.2246467991473532e-16f,0.17364817766693033f,-0.984807753012208f,0.062499999999999896f,0f,0f,0f,1f], start_interpolation: 0, interpolation_duration: 1 }
$data merge entity $(bone_bottom) { transformation: [-1f,0f,1.2246467991473532e-16f,0.18750000000000003f,0f,1f,0f,0.011363636363636465f,-1.2246467991473532e-16f,0f,-1f,-0.3125f,0f,0f,0f,1f], start_interpolation: 0, interpolation_duration: 1 }
$data merge entity $(bone_snowball) { transformation: [-1f,0f,1.2246467991473532e-16f,0.06249999999999999f,0f,1f,0f,0.44700000000000006f,-1.2246467991473532e-16f,0f,-1f,0.06250000000000001f,0f,0f,0f,1f], start_interpolation: 0, interpolation_duration: 1 }
$data merge entity $(bone_snowball2) { transformation: [-1f,0f,1.2246467991473532e-16f,0.06249999999999999f,0f,1f,0f,0.44700000000000006f,-1.2246467991473532e-16f,0f,-1f,0.06250000000000001f,0f,0f,0f,1f], start_interpolation: 0, interpolation_duration: 1 }
$data merge entity $(bone_leftarm) { transformation: [-0.8852776978888551f,0.4650627889012503f,1.2246467991473532e-16f,-0.3428571428571427f,0.4650627889012503f,0.8852776978888551f,0f,-0.05584415584415592f,-1.084152499076124e-16f,5.695376558304575e-17f,-1f,-4.198789025648066e-17f,0f,0f,0f,1f], start_interpolation: 0, interpolation_duration: 1 }
$data merge entity $(bone_rightarm) { transformation: [-0.8758257764318567f,-0.48262740218261063f,1.2246467991473532e-16f,-0.875f,-0.48262740218261063f,0.8758257764318567f,0f,0.5727272727272729f,-1.0725772337180186e-16f,-5.910481032637365e-17f,-1f,-1.071565949253934e-16f,0f,0f,0f,1f], start_interpolation: 0, interpolation_duration: 1 }