# This file was generated by Animated Java via MC-Build. It is not recommended to edit this file directly.
$data merge entity $(bone_carrot) { transformation: [-1f,-2.3891673840167784e-17f,1.2011155542966555e-16f,0.062499999999999944f,0f,0.9807852804032304f,0.19509032201612822f,1.0479414293109872f,-1.2246467991473532e-16f,0.19509032201612822f,-0.9807852804032304f,0.43108973664465766f,0f,0f,0f,1f], start_interpolation: 0, interpolation_duration: 1 }
$data merge entity $(bone_face) { transformation: [-1f,-2.3891673840167784e-17f,1.2011155542966555e-16f,0.062499999999999944f,0f,0.9807852804032304f,0.19509032201612822f,1.0479414293109872f,-1.2246467991473532e-16f,0.19509032201612822f,-0.9807852804032304f,0.43108973664465766f,0f,0f,0f,1f], start_interpolation: 0, interpolation_duration: 1 }
$data merge entity $(bone_hat) { transformation: [-1f,-2.3891673840167784e-17f,1.2011155542966555e-16f,-2.7755575615628914e-17f,0f,0.9807852804032304f,0.19509032201612822f,1.544130623119961f,-1.2246467991473532e-16f,0.19509032201612822f,-0.9807852804032304f,0.21116566691330507f,0f,0f,0f,1f], start_interpolation: 0, interpolation_duration: 1 }
$data merge entity $(bone_head) { transformation: [-1f,-2.3891673840167784e-17f,1.2011155542966555e-16f,0.18749999999999994f,0f,0.9807852804032304f,0.19509032201612822f,1.2428125f,-1.2246467991473532e-16f,0.19509032201612822f,-0.9807852804032304f,0.4125f,0f,0f,0f,1f], start_interpolation: 0, interpolation_duration: 1 }
$data merge entity $(bone_buttons) { transformation: [-1f,-1.5984848350717827e-17f,1.2141697760125282e-16f,0.0625f,0f,0.9914448613738104f,0.13052619222005155f,0.741528477708516f,-1.2246467991473532e-16f,0.13052619222005155f,-0.9914448613738104f,0.40038969235750554f,0f,0f,0f,1f], start_interpolation: 0, interpolation_duration: 1 }
$data merge entity $(bone_scarf) { transformation: [-1f,-1.5984848350717827e-17f,1.2141697760125282e-16f,0.25f,0f,0.9914448613738104f,0.13052619222005155f,0.4814650693130949f,-1.2246467991473532e-16f,0.13052619222005155f,-0.9914448613738104f,-0.018388096110025752f,0f,0f,0f,1f], start_interpolation: 0, interpolation_duration: 1 }
$data merge entity $(bone_body) { transformation: [-1f,-1.5984848350717827e-17f,1.2141697760125282e-16f,-0.875f,0f,0.9914448613738104f,0.13052619222005155f,0.9771875000000001f,-1.2246467991473532e-16f,0.13052619222005155f,-0.9914448613738104f,0.04687499999999988f,0f,0f,0f,1f], start_interpolation: 0, interpolation_duration: 1 }
$data merge entity $(bone_bottom) { transformation: [-1f,0f,1.2246467991473532e-16f,0.18750000000000003f,0f,1f,0f,0.1022727272727274f,-1.2246467991473532e-16f,0f,-1f,-0.3125f,0f,0f,0f,1f], start_interpolation: 0, interpolation_duration: 1 }
$data merge entity $(bone_snowball) { transformation: [-1f,0f,1.2246467991473532e-16f,0.06249999999999999f,0f,1f,0f,0.5383750000000002f,-1.2246467991473532e-16f,0f,-1f,0.06250000000000001f,0f,0f,0f,1f], start_interpolation: 0, interpolation_duration: 1 }
$data merge entity $(bone_leftarm) { transformation: [-0.9349141871331099f,0.35487386871568366f,1.2246467991473532e-16f,-0.2571428571428569f,0.35487386871568366f,0.9349141871331099f,0f,-0.04188311688311702f,-1.1449396667500127e-16f,4.3459514742370005e-17f,-1f,-3.149091769236048e-17f,0f,0f,0f,1f], start_interpolation: 0, interpolation_duration: 1 }
$data merge entity $(bone_rightarm) { transformation: [-0.929500869286821f,-0.36881992082186155f,1.2246467991473532e-16f,-0.875f,-0.36881992082186155f,0.929500869286821f,0f,0.7420454545454548f,-1.1383102643767877e-16f,-4.51674135496273e-17f,-1f,-1.071565949253934e-16f,0f,0f,0f,1f], start_interpolation: 0, interpolation_duration: 1 }