# This file was generated by Animated Java via MC-Build. It is not recommended to edit this file directly.
$data merge entity $(bone_carrot) { transformation: [-1f,-1.5984848350717848e-17f,1.2141697760125282e-16f,0.062499999999999944f,0f,0.9914448613738104f,0.1305261922200517f,1.1561369901800325f,-1.2246467991473532e-16f,0.1305261922200517f,-0.9914448613738104f,0.41254511241101716f,0f,0f,0f,1f], start_interpolation: 0, interpolation_duration: 1 }
$data merge entity $(bone_face) { transformation: [-1f,-1.5984848350717848e-17f,1.2141697760125282e-16f,0.062499999999999944f,0f,0.9914448613738104f,0.1305261922200517f,1.1561369901800325f,-1.2246467991473532e-16f,0.1305261922200517f,-0.9914448613738104f,0.41254511241101716f,0f,0f,0f,1f], start_interpolation: 0, interpolation_duration: 1 }
$data merge entity $(bone_hat) { transformation: [-1f,-1.5984848350717848e-17f,1.2141697760125282e-16f,-2.7755575615628914e-17f,0f,0.9914448613738104f,0.1305261922200517f,1.6368800824834269f,-1.2246467991473532e-16f,0.1305261922200517f,-0.9914448613738104f,0.1606395910293494f,0f,0f,0f,1f], start_interpolation: 0, interpolation_duration: 1 }
$data merge entity $(bone_head) { transformation: [-1f,-1.5984848350717848e-17f,1.2141697760125282e-16f,0.18749999999999994f,0f,0.9914448613738104f,0.1305261922200517f,1.3493749999999998f,-1.2246467991473532e-16f,0.1305261922200517f,-0.9914448613738104f,0.38125000000000003f,0f,0f,0f,1f], start_interpolation: 0, interpolation_duration: 1 }
$data merge entity $(bone_buttons) { transformation: [-1f,-1.0673500138322983e-17f,1.2199866483456202e-16f,0.0625f,0f,0.9961946980917455f,0.08715574274765826f,0.8481103671852528f,-1.2246467991473532e-16f,0.08715574274765826f,-0.9961946980917455f,0.3947075268822921f,0f,0f,0f,1f], start_interpolation: 0, interpolation_duration: 1 }
$data merge entity $(bone_scarf) { transformation: [-1f,-1.0673500138322983e-17f,1.2199866483456202e-16f,0.25f,0f,0.9961946980917455f,0.08715574274765826f,0.570027650954127f,-1.2246467991473532e-16f,0.08715574274765826f,-0.9961946980917455f,-0.012327871373829066f,0f,0f,0f,1f], start_interpolation: 0, interpolation_duration: 1 }
$data merge entity $(bone_body) { transformation: [-1f,-1.0673500138322983e-17f,1.2199866483456202e-16f,-0.875f,0f,0.9961946980917455f,0.08715574274765826f,1.0681249999999998f,-1.2246467991473532e-16f,0.08715574274765826f,-0.9961946980917455f,0.031249999999999927f,0f,0f,0f,1f], start_interpolation: 0, interpolation_duration: 1 }
$data merge entity $(bone_bottom) { transformation: [-1f,0f,1.2246467991473532e-16f,0.18750000000000003f,0f,1f,0f,0.193181818181818f,-1.2246467991473532e-16f,0f,-1f,-0.3125f,0f,0f,0f,1f], start_interpolation: 0, interpolation_duration: 1 }
$data merge entity $(bone_snowball) { transformation: [-1f,0f,1.2246467991473532e-16f,0.06249999999999999f,0f,1f,0f,0.6297499999999998f,-1.2246467991473532e-16f,0f,-1f,0.06250000000000001f,0f,0f,0f,1f], start_interpolation: 0, interpolation_duration: 1 }
$data merge entity $(bone_leftarm) { transformation: [-0.9708959001584194f,0.2395018811107181f,1.2246467991473532e-16f,-0.17142857142857154f,0.2395018811107181f,0.9708959001584194f,0f,-0.027922077922077904f,-1.1890045564342965e-16f,2.9330521209201087e-17f,-1f,-2.0993945128240355e-17f,0f,0f,0f,1f], start_interpolation: 0, interpolation_duration: 1 }
$data merge entity $(bone_rightarm) { transformation: [-0.9684590276392328f,-0.24917285523120655f,1.2246467991473532e-16f,-0.875f,-0.24917285523120655f,0.9684590276392328f,0f,0.9113636363636362f,-1.1860202483037444e-16f,-3.051487395933039e-17f,-1f,-1.071565949253934e-16f,0f,0f,0f,1f], start_interpolation: 0, interpolation_duration: 1 }