# This file was generated by Animated Java via MC-Build. It is not recommended to edit this file directly.
$data merge entity $(bone_carrot) { transformation: [-1f,-8.009573286591551e-18f,1.2220247363447802e-16f,0.062499999999999944f,0f,0.9978589232386035f,0.06540312923014316f,1.2651600258735662f,-1.2246467991473532e-16f,0.06540312923014316f,-0.9978589232386035f,0.3938664777015196f,0f,0f,0f,1f], start_interpolation: 0, interpolation_duration: 1 }
$data merge entity $(bone_face) { transformation: [-1f,-8.009573286591551e-18f,1.2220247363447802e-16f,0.062499999999999944f,0f,0.9978589232386035f,0.06540312923014316f,1.2651600258735662f,-1.2246467991473532e-16f,0.06540312923014316f,-0.9978589232386035f,0.3938664777015196f,0f,0f,0f,1f], start_interpolation: 0, interpolation_duration: 1 }
$data merge entity $(bone_hat) { transformation: [-1f,-8.009573286591551e-18f,1.2220247363447802e-16f,-2.7755575615628914e-17f,0f,0.9978589232386035f,0.06540312923014316f,1.7283984009451163f,-1.2246467991473532e-16f,0.06540312923014316f,-0.9978589232386035f,0.11105820278533207f,0f,0f,0f,1f], start_interpolation: 0, interpolation_duration: 1 }
$data merge entity $(bone_head) { transformation: [-1f,-8.009573286591551e-18f,1.2220247363447802e-16f,0.18749999999999994f,0f,0.9978589232386035f,0.06540312923014316f,1.4559374999999999f,-1.2246467991473532e-16f,0.06540312923014316f,-0.9978589232386035f,0.35000000000000003f,0f,0f,0f,1f], start_interpolation: 0, interpolation_duration: 1 }
$data merge entity $(bone_buttons) { transformation: [-1f,-5.341834311772731e-18f,1.223481206754078e-16f,0.0625f,0f,0.9990482215818578f,0.04361938736533606f,0.9551110670203672f,-1.2246467991473532e-16f,0.04361938736533606f,-0.9990482215818578f,0.3883334993470827f,0f,0f,0f,1f], start_interpolation: 0, interpolation_duration: 1 }
$data merge entity $(bone_scarf) { transformation: [-1f,-5.341834311772731e-18f,1.223481206754078e-16f,0.25f,0f,0.9990482215818578f,0.04361938736533606f,0.6595383892090709f,-1.2246467991473532e-16f,0.04361938736533606f,-0.9990482215818578f,-0.006184693682667979f,0f,0f,0f,1f], start_interpolation: 0, interpolation_duration: 1 }
$data merge entity $(bone_body) { transformation: [-1f,-5.341834311772731e-18f,1.223481206754078e-16f,-0.875f,0f,0.9990482215818578f,0.04361938736533606f,1.1590624999999999f,-1.2246467991473532e-16f,0.04361938736533606f,-0.9990482215818578f,0.015624999999999913f,0f,0f,0f,1f], start_interpolation: 0, interpolation_duration: 1 }
$data merge entity $(bone_bottom) { transformation: [-1f,0f,1.2246467991473532e-16f,0.18750000000000003f,0f,1f,0f,0.28409090909090906f,-1.2246467991473532e-16f,0f,-1f,-0.3125f,0f,0f,0f,1f], start_interpolation: 0, interpolation_duration: 1 }
$data merge entity $(bone_snowball) { transformation: [-1f,0f,1.2246467991473532e-16f,0.06249999999999999f,0f,1f,0f,0.7211249999999999f,-1.2246467991473532e-16f,0f,-1f,0.06250000000000001f,0f,0f,0f,1f], start_interpolation: 0, interpolation_duration: 1 }
$data merge entity $(bone_snowball2) { transformation: [-1f,0f,1.2246467991473532e-16f,0.06249999999999999f,0f,1f,0f,0.7211249999999999f,-1.2246467991473532e-16f,0f,-1f,0.06250000000000001f,0f,0f,0f,1f], start_interpolation: 0, interpolation_duration: 1 }
$data merge entity $(bone_leftarm) { transformation: [-0.9926973104019219f,0.1206318777139372f,1.2246467991473532e-16f,-0.08571428571428574f,0.1206318777139372f,0.9926973104019219f,0f,-0.013961038961038952f,-1.2157035837059e-16f,1.477314429175081e-17f,-1f,-1.0496972564120174e-17f,0f,0f,0f,1f], start_interpolation: 0, interpolation_duration: 1 }
$data merge entity $(bone_rightarm) { transformation: [-0.9920834207966669f,-0.1255805963530338f,1.2246467991473532e-16f,-0.875f,-0.1255805963530338f,0.9920834207966669f,0f,1.080681818181818f,-1.214951785765795e-16f,-1.5379187535875864e-17f,-1f,-1.071565949253934e-16f,0f,0f,0f,1f], start_interpolation: 0, interpolation_duration: 1 }