# This file was generated by Animated Java via MC-Build. It is not recommended to edit this file directly.
$data merge entity $(bone_carrot) { transformation: [-0.9469301294951057f,0f,-0.32143946530316136f,0.18096470373641457f,0f,1f,0f,1.375f,0.32143946530316136f,0f,-0.9469301294951057f,0.3184447529469949f,0f,0f,0f,1f], start_interpolation: 0, interpolation_duration: 1 }
$data merge entity $(bone_face) { transformation: [-0.9469301294951057f,0f,-0.32143946530316136f,0.18096470373641457f,0f,1f,0f,1.375f,0.32143946530316136f,0f,-0.9469301294951057f,0.3184447529469949f,0f,0f,0f,1f], start_interpolation: 0, interpolation_duration: 1 }
$data merge entity $(bone_hat) { transformation: [-0.9469301294951057f,0f,-0.32143946530316136f,0.021331737735732548f,0f,1f,0f,1.81875f,0.32143946530316136f,0f,-0.9469301294951057f,0.04261905406122199f,0f,0f,0f,1f], start_interpolation: 0, interpolation_duration: 1 }
$data merge entity $(bone_head) { transformation: [-0.9469301294951057f,0f,-0.32143946530316136f,0.28124999999999994f,0f,1f,0f,1.5625f,0.32143946530316136f,0f,-0.9469301294951057f,0.22500000000000006f,0f,0f,0f,1f], start_interpolation: 0, interpolation_duration: 1 }
$data merge entity $(bone_buttons) { transformation: [-0.9990482215818578f,0f,-0.043619387365335875f,0.07823759916602602f,0f,1f,0f,1.0625f,0.043619387365335875f,0f,-0.9990482215818578f,0.37124395882308076f,0f,0f,0f,1f], start_interpolation: 0, interpolation_duration: 1 }
$data merge entity $(bone_scarf) { transformation: [-0.9990482215818578f,0f,-0.043619387365335875f,0.24892924927959004f,0f,1f,0f,0.75f,0.043619387365335875f,0f,-0.9990482215818578f,-0.017821810786002968f,0f,0f,0f,1f], start_interpolation: 0, interpolation_duration: 1 }
$data merge entity $(bone_body) { transformation: [-0.9990482215818578f,0f,-0.043619387365335875f,-0.875f,0f,1f,0f,1.25f,0.043619387365335875f,0f,-0.9990482215818578f,0.031249999999999892f,0f,0f,0f,1f], start_interpolation: 0, interpolation_duration: 1 }
$data merge entity $(bone_leftarm) { transformation: [-0.9978589232386035f,0f,-0.06540312923014294f,0f,0f,1f,0f,0f,0.06540312923014294f,0f,-0.9978589232386035f,0f,0f,0f,0f,1f], start_interpolation: 0, interpolation_duration: 1 }
$data merge entity $(bone_rightarm) { transformation: [-0.9978589232386035f,0f,-0.06540312923014294f,-0.875f,0f,1f,0f,1.25f,0.06540312923014294f,0f,-0.9978589232386035f,0.031249999999999892f,0f,0f,0f,1f], start_interpolation: 0, interpolation_duration: 1 }