# This file was generated by Animated Java via MC-Build. It is not recommended to edit this file directly.
$data merge entity $(bone_carrot) { transformation: [-0.9063077870366499f,0f,-0.42261826174069933f,0.2229838038433331f,0f,1f,0f,1.375f,0.42261826174069933f,0f,-0.9063077870366499f,0.297557095738399f,0f,0f,0f,1f], start_interpolation: 0, interpolation_duration: 1 }
$data merge entity $(bone_face) { transformation: [-0.9063077870366499f,0f,-0.42261826174069933f,0.2229838038433331f,0f,1f,0f,1.375f,0.42261826174069933f,0f,-0.9063077870366499f,0.297557095738399f,0f,0f,0f,1f], start_interpolation: 0, interpolation_duration: 1 }
$data merge entity $(bone_hat) { transformation: [-0.9063077870366499f,0f,-0.42261826174069933f,0.034271360359573955f,0f,1f,0f,1.81875f,0.42261826174069933f,0f,-0.9063077870366499f,0.040749553648239595f,0f,0f,0f,1f], start_interpolation: 0, interpolation_duration: 1 }
$data merge entity $(bone_head) { transformation: [-0.9063077870366499f,0f,-0.42261826174069933f,0.3125f,0f,1f,0f,1.5625f,0.42261826174069933f,0f,-0.9063077870366499f,0.19375f,0f,0f,0f,1f], start_interpolation: 0, interpolation_duration: 1 }
$data merge entity $(bone_buttons) { transformation: [-0.9983081582712682f,0f,-0.05814482891047572f,0.0830816144014328f,0f,1f,0f,1.0625f,0.05814482891047572f,0f,-0.9983081582712682f,0.36776087490401654f,0f,0f,0f,1f], start_interpolation: 0, interpolation_duration: 1 }
$data merge entity $(bone_scarf) { transformation: [-0.9983081582712682f,0f,-0.05814482891047572f,0.24809667805517677f,0f,1f,0f,0.75f,0.05814482891047572f,0f,-0.9983081582712682f,-0.023746265857618597f,0f,0f,0f,1f], start_interpolation: 0, interpolation_duration: 1 }
$data merge entity $(bone_body) { transformation: [-0.9983081582712682f,0f,-0.05814482891047572f,-0.875f,0f,1f,0f,1.25f,0.05814482891047572f,0f,-0.9983081582712682f,0.04166666666666658f,0f,0f,0f,1f], start_interpolation: 0, interpolation_duration: 1 }
$data merge entity $(bone_leftarm) { transformation: [-0.9961946980917455f,0f,-0.0871557427476581f,0f,0f,1f,0f,0f,0.0871557427476581f,0f,-0.9961946980917455f,0f,0f,0f,0f,1f], start_interpolation: 0, interpolation_duration: 1 }
$data merge entity $(bone_rightarm) { transformation: [-0.9961946980917455f,0f,-0.0871557427476581f,-0.875f,0f,1f,0f,1.25f,0.0871557427476581f,0f,-0.9961946980917455f,0.04166666666666658f,0f,0f,0f,1f], start_interpolation: 0, interpolation_duration: 1 }