# This file was generated by Animated Java via MC-Build. It is not recommended to edit this file directly.
$data merge entity $(bone_carrot) { transformation: [-0.8870108331782218f,0f,-0.4617486132350338f,0.23462825534719298f,0f,1f,0f,1.375f,0.4617486132350338f,0f,-0.8870108331782218f,0.2926129360206542f,0f,0f,0f,1f], start_interpolation: 0, interpolation_duration: 1 }
$data merge entity $(bone_face) { transformation: [-0.8870108331782218f,0f,-0.4617486132350338f,0.23462825534719298f,0f,1f,0f,1.375f,0.4617486132350338f,0f,-0.8870108331782218f,0.2926129360206542f,0f,0f,0f,1f], start_interpolation: 0, interpolation_duration: 1 }
$data merge entity $(bone_hat) { transformation: [-0.8870108331782218f,0f,-0.4617486132350338f,0.03489363663760603f,0f,1f,0f,1.81875f,0.4617486132350338f,0f,-0.8870108331782218f,0.044281338979649504f,0f,0f,0f,1f], start_interpolation: 0, interpolation_duration: 1 }
$data merge entity $(bone_head) { transformation: [-0.8870108331782218f,0f,-0.4617486132350338f,0.31953125000000004f,0f,1f,0f,1.5625f,0.4617486132350338f,0f,-0.8870108331782218f,0.185f,0f,0f,0f,1f], start_interpolation: 0, interpolation_duration: 1 }
$data merge entity $(bone_buttons) { transformation: [-0.9973569167005722f,0f,-0.07265797072261052f,0.08772296074478181f,0f,1f,0f,1.0625f,0.07265797072261052f,0f,-0.9973569167005722f,0.3642088102729791f,0f,0f,0f,1f], start_interpolation: 0, interpolation_duration: 1 }
$data merge entity $(bone_scarf) { transformation: [-0.9973569167005722f,0f,-0.07265797072261052f,0.24702653128814367f,0f,1f,0f,0.75f,0.07265797072261052f,0f,-0.9973569167005722f,-0.029656883729603567f,0f,0f,0f,1f], start_interpolation: 0, interpolation_duration: 1 }
$data merge entity $(bone_body) { transformation: [-0.9973569167005722f,0f,-0.07265797072261052f,-0.875f,0f,1f,0f,1.25f,0.07265797072261052f,0f,-0.9973569167005722f,0.05208333333333326f,0f,0f,0f,1f], start_interpolation: 0, interpolation_duration: 1 }
$data merge entity $(bone_leftarm) { transformation: [-0.9940563382223196f,0f,-0.10886687485196452f,0f,0f,1f,0f,0f,0.10886687485196452f,0f,-0.9940563382223196f,0f,0f,0f,0f,1f], start_interpolation: 0, interpolation_duration: 1 }
$data merge entity $(bone_rightarm) { transformation: [-0.9940563382223196f,0f,-0.10886687485196452f,-0.875f,0f,1f,0f,1.25f,0.10886687485196452f,0f,-0.9940563382223196f,0.05208333333333326f,0f,0f,0f,1f], start_interpolation: 0, interpolation_duration: 1 }