# This file was generated by Animated Java via MC-Build. It is not recommended to edit this file directly.
$data merge entity $(bone_carrot) { transformation: [-0.8660254037844388f,0f,-0.4999999999999998f,0.24643432452694514f,0f,1f,0f,1.375f,0.4999999999999998f,0f,-0.8660254037844388f,0.2874639289628747f,0f,0f,0f,1f], start_interpolation: 0, interpolation_duration: 1 }
$data merge entity $(bone_face) { transformation: [-0.8660254037844388f,0f,-0.4999999999999998f,0.24643432452694514f,0f,1f,0f,1.375f,0.4999999999999998f,0f,-0.8660254037844388f,0.2874639289628747f,0f,0f,0f,1f], start_interpolation: 0, interpolation_duration: 1 }
$data merge entity $(bone_hat) { transformation: [-0.8660254037844388f,0f,-0.4999999999999998f,0.036057736790417794f,0f,1f,0f,1.81875f,0.4999999999999998f,0f,-0.8660254037844388f,0.048080990280237546f,0f,0f,0f,1f], start_interpolation: 0, interpolation_duration: 1 }
$data merge entity $(bone_head) { transformation: [-0.8660254037844388f,0f,-0.4999999999999998f,0.3265625f,0f,1f,0f,1.5625f,0.4999999999999998f,0f,-0.8660254037844388f,0.17625000000000002f,0f,0f,0f,1f], start_interpolation: 0, interpolation_duration: 1 }
$data merge entity $(bone_buttons) { transformation: [-0.9961946980917455f,0f,-0.08715574274765805f,0.09216065638355608f,0f,1f,0f,1.0625f,0.08715574274765805f,0f,-0.9961946980917455f,0.36059071982154844f,0f,0f,0f,1f], start_interpolation: 0, interpolation_duration: 1 }
$data merge entity $(bone_scarf) { transformation: [-0.9961946980917455f,0f,-0.08715574274765805f,0.2457190353532137f,0f,1f,0f,0.75f,0.08715574274765805f,0f,-0.9961946980917455f,-0.03555021059111541f,0f,0f,0f,1f], start_interpolation: 0, interpolation_duration: 1 }
$data merge entity $(bone_body) { transformation: [-0.9961946980917455f,0f,-0.08715574274765805f,-0.875f,0f,1f,0f,1.25f,0.08715574274765805f,0f,-0.9961946980917455f,0.062499999999999896f,0f,0f,0f,1f], start_interpolation: 0, interpolation_duration: 1 }
$data merge entity $(bone_leftarm) { transformation: [-0.9914448613738104f,0f,-0.13052619222005146f,0f,0f,1f,0f,0f,0.13052619222005146f,0f,-0.9914448613738104f,0f,0f,0f,0f,1f], start_interpolation: 0, interpolation_duration: 1 }
$data merge entity $(bone_rightarm) { transformation: [-0.9914448613738104f,0f,-0.13052619222005146f,-0.875f,0f,1f,0f,1.25f,0.13052619222005146f,0f,-0.9914448613738104f,0.062499999999999896f,0f,0f,0f,1f], start_interpolation: 0, interpolation_duration: 1 }