# This file was generated by Animated Java via MC-Build. It is not recommended to edit this file directly.
$data merge entity $(bone_carrot) { transformation: [-0.8910065241883678f,0f,0.45399049973954686f,-0.11191278113389551f,0f,1f,0f,1.375f,-0.45399049973954686f,0f,-0.8910065241883678f,0.3746203045181523f,0f,0f,0f,1f], start_interpolation: 0, interpolation_duration: 1 }
$data merge entity $(bone_face) { transformation: [-0.8910065241883678f,0f,0.45399049973954686f,-0.11191278113389551f,0f,1f,0f,1.375f,-0.45399049973954686f,0f,-0.8910065241883678f,0.3746203045181523f,0f,0f,0f,1f], start_interpolation: 0, interpolation_duration: 1 }
$data merge entity $(bone_hat) { transformation: [-0.8910065241883678f,0f,0.45399049973954686f,-0.025728657727060112f,0f,1f,0f,1.81875f,-0.45399049973954686f,0f,-0.8910065241883678f,0.06780635947556568f,0f,0f,0f,1f], start_interpolation: 0, interpolation_duration: 1 }
$data merge entity $(bone_head) { transformation: [-0.8910065241883678f,0f,0.45399049973954686f,0.024999999999999977f,0f,1f,0f,1.5625f,-0.45399049973954686f,0f,-0.8910065241883678f,0.38125f,0f,0f,0f,1f], start_interpolation: 0, interpolation_duration: 1 }
$data merge entity $(bone_buttons) { transformation: [-0.9986295347545738f,0f,0.05233595624294395f,0.04126210551479059f,0f,1f,0f,1.0625f,-0.05233595624294395f,0f,-0.9986295347545738f,0.3797924691029411f,0f,0f,0f,1f], start_interpolation: 0, interpolation_duration: 1 }
$data merge entity $(bone_scarf) { transformation: [-0.9986295347545738f,0f,0.05233595624294395f,0.2484582265988955f,0f,1f,0f,0.75f,-0.05233595624294395f,0f,-0.9986295347545738f,0.00887795077331184f,0f,0f,0f,1f], start_interpolation: 0, interpolation_duration: 1 }
$data merge entity $(bone_body) { transformation: [-0.9986295347545738f,0f,0.05233595624294395f,-0.875f,0f,1f,0f,1.25f,-0.05233595624294395f,0f,-0.9986295347545738f,-0.05000000000000011f,0f,0f,0f,1f], start_interpolation: 0, interpolation_duration: 1 }
$data merge entity $(bone_leftarm) { transformation: [-0.9966552393091803f,0f,0.08172107413366836f,0f,0f,1f,0f,0f,-0.08172107413366836f,0f,-0.9966552393091803f,0f,0f,0f,0f,1f], start_interpolation: 0, interpolation_duration: 1 }
$data merge entity $(bone_rightarm) { transformation: [-0.9966552393091803f,0f,0.08172107413366836f,-0.875f,0f,1f,0f,1.25f,-0.08172107413366836f,0f,-0.9966552393091803f,-0.07812500000000011f,0f,0f,0f,1f], start_interpolation: 0, interpolation_duration: 1 }