# This file was generated by Animated Java via MC-Build. It is not recommended to edit this file directly.
$data merge entity $(bone_carrot) { transformation: [-0.9469301294951056f,0f,-0.3214394653031617f,0.1809647037364147f,0f,1f,0f,1.375f,0.3214394653031617f,0f,-0.9469301294951056f,0.31844475294699487f,0f,0f,0f,1f], start_interpolation: 0, interpolation_duration: 1 }
$data merge entity $(bone_face) { transformation: [-0.9469301294951056f,0f,-0.3214394653031617f,0.1809647037364147f,0f,1f,0f,1.375f,0.3214394653031617f,0f,-0.9469301294951056f,0.31844475294699487f,0f,0f,0f,1f], start_interpolation: 0, interpolation_duration: 1 }
$data merge entity $(bone_hat) { transformation: [-0.9469301294951056f,0f,-0.3214394653031617f,0.021331737735732548f,0f,1f,0f,1.81875f,0.3214394653031617f,0f,-0.9469301294951056f,0.04261905406122199f,0f,0f,0f,1f], start_interpolation: 0, interpolation_duration: 1 }
$data merge entity $(bone_head) { transformation: [-0.9469301294951056f,0f,-0.3214394653031617f,0.28125000000000006f,0f,1f,0f,1.5625f,0.3214394653031617f,0f,-0.9469301294951056f,0.22499999999999995f,0f,0f,0f,1f], start_interpolation: 0, interpolation_duration: 1 }
$data merge entity $(bone_buttons) { transformation: [-0.9975640502598242f,0f,-0.06975647374412525f,0.08681095273353301f,0f,1f,0f,1.0625f,0.06975647374412525f,0f,-0.9975640502598242f,0.36492460002644045f,0f,0f,0f,1f], start_interpolation: 0, interpolation_duration: 1 }
$data merge entity $(bone_scarf) { transformation: [-0.9975640502598242f,0f,-0.06975647374412525f,0.24725955654230214f,0f,1f,0f,0.75f,0.06975647374412525f,0f,-0.9975640502598242f,-0.028476032962140956f,0f,0f,0f,1f], start_interpolation: 0, interpolation_duration: 1 }
$data merge entity $(bone_body) { transformation: [-0.9975640502598242f,0f,-0.06975647374412525f,-0.875f,0f,1f,0f,1.25f,0.06975647374412525f,0f,-0.9975640502598242f,0.04999999999999994f,0f,0f,0f,1f], start_interpolation: 0, interpolation_duration: 1 }
$data merge entity $(bone_leftarm) { transformation: [-0.9945218953682733f,0f,-0.10452846326765343f,0f,0f,1f,0f,0f,0.10452846326765343f,0f,-0.9945218953682733f,0f,0f,0f,0f,1f], start_interpolation: 0, interpolation_duration: 1 }
$data merge entity $(bone_rightarm) { transformation: [-0.9945218953682733f,0f,-0.10452846326765343f,-0.875f,0f,1f,0f,1.25f,0.10452846326765343f,0f,-0.9945218953682733f,0.04999999999999994f,0f,0f,0f,1f], start_interpolation: 0, interpolation_duration: 1 }