# This file was generated by Animated Java via MC-Build. It is not recommended to edit this file directly.
$data merge entity $(bone_carrot) { transformation: [-0.9762960071199333f,0f,-0.21643961393810324f,0.14013772739402672f,0f,1f,0f,1.375f,0.21643961393810324f,0f,-0.9762960071199333f,0.3382216021427591f,0f,0f,0f,1f], start_interpolation: 0, interpolation_duration: 1 }
$data merge entity $(bone_face) { transformation: [-0.9762960071199333f,0f,-0.21643961393810324f,0.14013772739402672f,0f,1f,0f,1.375f,0.21643961393810324f,0f,-0.9762960071199333f,0.3382216021427591f,0f,0f,0f,1f], start_interpolation: 0, interpolation_duration: 1 }
$data merge entity $(bone_hat) { transformation: [-0.9762960071199333f,0f,-0.21643961393810324f,0.011481847593373617f,0f,1f,0f,1.81875f,0.21643961393810324f,0f,-0.9762960071199333f,0.046656575788911414f,0f,0f,0f,1f], start_interpolation: 0, interpolation_duration: 1 }
$data merge entity $(bone_head) { transformation: [-0.9762960071199333f,0f,-0.21643961393810324f,0.25000000000000006f,0f,1f,0f,1.5625f,0.21643961393810324f,0f,-0.9762960071199333f,0.2562499999999999f,0f,0f,0f,1f], start_interpolation: 0, interpolation_duration: 1 }
$data merge entity $(bone_buttons) { transformation: [-0.9986295347545738f,0f,-0.05233595624294383f,0.0811682721500353f,0f,1f,0f,1.0625f,0.05233595624294383f,0f,-0.9986295347545738f,0.36916255114742136f,0f,0f,0f,1f], start_interpolation: 0, interpolation_duration: 1 }
$data merge entity $(bone_scarf) { transformation: [-0.9986295347545738f,0f,-0.05233595624294383f,0.2484582265988955f,0f,1f,0f,0.75f,0.05233595624294383f,0f,-0.9986295347545738f,-0.021377950773311824f,0f,0f,0f,1f], start_interpolation: 0, interpolation_duration: 1 }
$data merge entity $(bone_body) { transformation: [-0.9986295347545738f,0f,-0.05233595624294383f,-0.875f,0f,1f,0f,1.25f,0.05233595624294383f,0f,-0.9986295347545738f,0.037499999999999985f,0f,0f,0f,1f], start_interpolation: 0, interpolation_duration: 1 }
$data merge entity $(bone_leftarm) { transformation: [-0.996917333733128f,0f,-0.078459095727845f,0f,0f,1f,0f,0f,0.078459095727845f,0f,-0.996917333733128f,0f,0f,0f,0f,1f], start_interpolation: 0, interpolation_duration: 1 }
$data merge entity $(bone_rightarm) { transformation: [-0.996917333733128f,0f,-0.078459095727845f,-0.875f,0f,1f,0f,1.25f,0.078459095727845f,0f,-0.996917333733128f,0.037499999999999985f,0f,0f,0f,1f], start_interpolation: 0, interpolation_duration: 1 }