# This file was generated by Animated Java via MC-Build. It is not recommended to edit this file directly.
$data merge entity $(bone_carrot) { transformation: [-0.9940563382223196f,0f,-0.1088668748519642f,0.10061671943263295f,0f,1f,0f,1.375f,0.1088668748519642f,0f,-0.9940563382223196f,0.35702402838150105f,0f,0f,0f,1f], start_interpolation: 0, interpolation_duration: 1 }
$data merge entity $(bone_face) { transformation: [-0.9940563382223196f,0f,-0.1088668748519642f,0.10061671943263295f,0f,1f,0f,1.375f,0.1088668748519642f,0f,-0.9940563382223196f,0.35702402838150105f,0f,0f,0f,1f], start_interpolation: 0, interpolation_duration: 1 }
$data merge entity $(bone_hat) { transformation: [-0.9940563382223196f,0f,-0.1088668748519642f,0.004467299902499139f,0f,1f,0f,1.81875f,0.1088668748519642f,0f,-0.9940563382223196f,0.05318560236527392f,0f,0f,0f,1f], start_interpolation: 0, interpolation_duration: 1 }
$data merge entity $(bone_head) { transformation: [-0.9940563382223196f,0f,-0.1088668748519642f,0.21874999999999992f,0f,1f,0f,1.5625f,0.1088668748519642f,0f,-0.9940563382223196f,0.28750000000000003f,0f,0f,0f,1f], start_interpolation: 0, interpolation_duration: 1 }
$data merge entity $(bone_buttons) { transformation: [-0.9993908270190958f,0f,-0.03489949670250088f,0.07523433344823083f,0f,1f,0f,1.0625f,0.03489949670250088f,0f,-0.9993908270190958f,0.37329947464243557f,0f,0f,0f,1f], start_interpolation: 0, interpolation_duration: 1 }
$data merge entity $(bone_scarf) { transformation: [-0.9993908270190958f,0f,-0.03489949670250088f,0.24931468039648275f,0f,1f,0f,0.75f,0.03489949670250088f,0f,-0.9993908270190958f,-0.014261933790313572f,0f,0f,0f,1f], start_interpolation: 0, interpolation_duration: 1 }
$data merge entity $(bone_body) { transformation: [-0.9993908270190958f,0f,-0.03489949670250088f,-0.875f,0f,1f,0f,1.25f,0.03489949670250088f,0f,-0.9993908270190958f,0.024999999999999915f,0f,0f,0f,1f], start_interpolation: 0, interpolation_duration: 1 }
$data merge entity $(bone_leftarm) { transformation: [-0.9986295347545738f,0f,-0.05233595624294375f,0f,0f,1f,0f,0f,0.05233595624294375f,0f,-0.9986295347545738f,0f,0f,0f,0f,1f], start_interpolation: 0, interpolation_duration: 1 }
$data merge entity $(bone_rightarm) { transformation: [-0.9986295347545738f,0f,-0.05233595624294375f,-0.875f,0f,1f,0f,1.25f,0.05233595624294375f,0f,-0.9986295347545738f,0.024999999999999915f,0f,0f,0f,1f], start_interpolation: 0, interpolation_duration: 1 }