# This file was generated by Animated Java via MC-Build. It is not recommended to edit this file directly.
$data merge entity $(bone_carrot) { transformation: [-0.8746197071393956f,0f,0.48480962024633717f,-0.12409800453128096f,0f,1f,0f,1.375f,-0.48480962024633717f,0f,-0.8746197071393956f,0.36984615599579884f,0f,0f,0f,1f], start_interpolation: 0, interpolation_duration: 1 }
$data merge entity $(bone_face) { transformation: [-0.8746197071393956f,0f,0.48480962024633717f,-0.12409800453128096f,0f,1f,0f,1.375f,-0.48480962024633717f,0f,-0.8746197071393956f,0.36984615599579884f,0f,0f,0f,1f], start_interpolation: 0, interpolation_duration: 1 }
$data merge entity $(bone_hat) { transformation: [-0.8746197071393956f,0f,0.48480962024633717f,-0.027258729900512833f,0f,1f,0f,1.81875f,-0.48480962024633717f,0f,-0.8746197071393956f,0.06622689624934164f,0f,0f,0f,1f], start_interpolation: 0, interpolation_duration: 1 }
$data merge entity $(bone_head) { transformation: [-0.8746197071393956f,0f,0.48480962024633717f,0.012499999999999964f,0f,1f,0f,1.5625f,-0.48480962024633717f,0f,-0.8746197071393956f,0.38125f,0f,0f,0f,1f], start_interpolation: 0, interpolation_duration: 1 }
$data merge entity $(bone_buttons) { transformation: [-0.996917333733128f,0f,0.07845909572784507f,0.029697470128566494f,0f,1f,0f,1.0625f,-0.07845909572784507f,0f,-0.996917333733128f,0.3786301357306096f,0f,0f,0f,1f], start_interpolation: 0, interpolation_duration: 1 }
$data merge entity $(bone_scarf) { transformation: [-0.996917333733128f,0f,0.07845909572784507f,0.24653200044976886f,0f,1f,0f,0.75f,-0.07845909572784507f,0f,-0.996917333733128f,0.01326648269382559f,0f,0f,0f,1f], start_interpolation: 0, interpolation_duration: 1 }
$data merge entity $(bone_body) { transformation: [-0.996917333733128f,0f,0.07845909572784507f,-0.875f,0f,1f,0f,1.25f,-0.07845909572784507f,0f,-0.996917333733128f,-0.07500000000000011f,0f,0f,0f,1f], start_interpolation: 0, interpolation_duration: 1 }
$data merge entity $(bone_leftarm) { transformation: [-0.9951847266721969f,0f,0.0980171403295607f,0f,0f,1f,0f,0f,-0.0980171403295607f,0f,-0.9951847266721969f,0f,0f,0f,0f,1f], start_interpolation: 0, interpolation_duration: 1 }
$data merge entity $(bone_rightarm) { transformation: [-0.9951847266721969f,0f,0.0980171403295607f,-0.875f,0f,1f,0f,1.25f,-0.0980171403295607f,0f,-0.9951847266721969f,-0.0937500000000001f,0f,0f,0f,1f], start_interpolation: 0, interpolation_duration: 1 }