# This file was generated by Animated Java via MC-Build. It is not recommended to edit this file directly.
$data merge entity $(bone_carrot) { transformation: [-0.8571673007021122f,0f,0.5150380749100543f,-0.13611680430145465f,0f,1f,0f,1.375f,-0.5150380749100543f,0f,-0.8571673007021122f,0.36508590130073704f,0f,0f,0f,1f], start_interpolation: 0, interpolation_duration: 1 }
$data merge entity $(bone_face) { transformation: [-0.8571673007021122f,0f,0.5150380749100543f,-0.13611680430145465f,0f,1f,0f,1.375f,-0.5150380749100543f,0f,-0.8571673007021122f,0.36508590130073704f,0f,0f,0f,1f], start_interpolation: 0, interpolation_duration: 1 }
$data merge entity $(bone_hat) { transformation: [-0.8571673007021122f,0f,0.5150380749100543f,-0.028740362185944713f,0f,1f,0f,1.81875f,-0.5150380749100543f,0f,-0.8571673007021122f,0.06503124014944855f,0f,0f,0f,1f], start_interpolation: 0, interpolation_duration: 1 }
$data merge entity $(bone_head) { transformation: [-0.8571673007021122f,0f,0.5150380749100543f,-4.668965921749284e-17f,0f,1f,0f,1.5625f,-0.5150380749100543f,0f,-0.8571673007021122f,0.38125f,0f,0f,0f,1f], start_interpolation: 0, interpolation_duration: 1 }
$data merge entity $(bone_buttons) { transformation: [-0.9945218953682733f,0f,0.10452846326765357f,0.017512800286963337f,0f,1f,0f,1.0625f,-0.10452846326765357f,0f,-0.9945218953682733f,0.3771569069225793f,0f,0f,0f,1f], start_interpolation: 0, interpolation_duration: 1 }
$data merge entity $(bone_scarf) { transformation: [-0.9945218953682733f,0f,0.10452846326765357f,0.24383713228930737f,0f,1f,0f,0.75f,-0.10452846326765357f,0f,-0.9945218953682733f,0.017594521176110156f,0f,0f,0f,1f], start_interpolation: 0, interpolation_duration: 1 }
$data merge entity $(bone_body) { transformation: [-0.9945218953682733f,0f,0.10452846326765357f,-0.875f,0f,1f,0f,1.25f,-0.10452846326765357f,0f,-0.9945218953682733f,-0.1000000000000001f,0f,0f,0f,1f], start_interpolation: 0, interpolation_duration: 1 }
$data merge entity $(bone_leftarm) { transformation: [-0.9934477790194444f,0f,0.11428696496684651f,0f,0f,1f,0f,0f,-0.11428696496684651f,0f,-0.9934477790194444f,0f,0f,0f,0f,1f], start_interpolation: 0, interpolation_duration: 1 }
$data merge entity $(bone_rightarm) { transformation: [-0.9934477790194444f,0f,0.11428696496684651f,-0.875f,0f,1f,0f,1.25f,-0.11428696496684651f,0f,-0.9934477790194444f,-0.1093750000000001f,0f,0f,0f,1f], start_interpolation: 0, interpolation_duration: 1 }