# This file was generated by Animated Java via MC-Build. It is not recommended to edit this file directly.
$data merge entity $(bone_carrot) { transformation: [-0.9990482215818578f,0f,0.043619387365336125f,0.04766538176296756f,0f,1f,0f,1.375f,-0.043619387365336125f,0f,-0.9990482215818578f,0.5023065390433125f,0f,0f,0f,1f], start_interpolation: 0, interpolation_duration: 1 }
$data merge entity $(bone_face) { transformation: [-0.9990482215818578f,0f,0.043619387365336125f,0.04766538176296756f,0f,1f,0f,1.375f,-0.043619387365336125f,0f,-0.9990482215818578f,0.5023065390433125f,0f,0f,0f,1f], start_interpolation: 0, interpolation_duration: 1 }
$data merge entity $(bone_hat) { transformation: [-0.9990482215818578f,0f,0.043619387365336125f,-0.001144073534231016f,0f,1f,0f,1.81875f,-0.043619387365336125f,0f,-0.9990482215818578f,0.18737775808864843f,0f,0f,0f,1f], start_interpolation: 0, interpolation_duration: 1 }
$data merge entity $(bone_head) { transformation: [-0.9990482215818578f,0f,0.043619387365336125f,0.17499999999999993f,0f,1f,0f,1.5625f,-0.043619387365336125f,0f,-0.9990482215818578f,0.4515625f,0f,0f,0f,1f], start_interpolation: 0, interpolation_duration: 1 }
$data merge entity $(bone_buttons) { transformation: [-0.9985125966110066f,0.00007386605698855374f,0.05452145406123029f,0.055930405076289325f,0.007221576785361863f,0.9913674615445736f,0.13091373121029576f,1.0074375127001904f,-0.05404112543127079f,0.13111274054978056f,-0.9898934316519368f,0.4191017870560333f,0f,0f,0f,1f], start_interpolation: 0, interpolation_duration: 1 }
$data merge entity $(bone_scarf) { transformation: [-0.9985125966110066f,0.00007386605698855374f,0.05452145406123029f,0.2639147381588882f,0.007221576785361863f,0.9913674615445736f,0.13091373121029576f,0.7461919953441811f,-0.05404112543127079f,0.13111274054978056f,-0.9898934316519368f,0.010864895835289259f,0f,0f,0f,1f], start_interpolation: 0, interpolation_duration: 1 }
$data merge entity $(bone_body) { transformation: [-0.9985125966110066f,0.00007386605698855374f,0.05452145406123029f,-0.859375f,0.007221576785361863f,0.9913674615445736f,0.13091373121029576f,1.25f,-0.05404112543127079f,0.13111274054978056f,-0.9898934316519368f,0.015624999999999894f,0f,0f,0f,1f], start_interpolation: 0, interpolation_duration: 1 }
$data merge entity $(bone_snowball) { transformation: [-0.4995240756682801f,-0.021810494408936655f,0.000012703861807848221f,-0.778125f,0.001919025012870182f,-0.043661164099372596f,0.49808635806704016f,1.1875f,-0.02172591012478742f,0.4976123039908936f,0.043703315047307956f,0.0531249999999999f,0f,0f,0f,1f], start_interpolation: 0, interpolation_duration: 1 }
$data merge entity $(bone_leftarm) { transformation: [-0.9990480665189329f,0.00003760326513928791f,0.04362292253822968f,0.015625000000000007f,0.005747410479155167f,0.9913958011879072f,0.13077206375893782f,0f,-0.0432426647833599f,0.13089829629518504f,-0.9904522744531672f,-0.0625f,0f,0f,0f,1f], start_interpolation: 0, interpolation_duration: 1 }
$data merge entity $(bone_rightarm) { transformation: [-0.9990480665189329f,0.00003760326513928791f,0.04362292253822968f,-0.859375f,0.005747410479155167f,0.9913958011879072f,0.13077206375893782f,1.25f,-0.0432426647833599f,0.13089829629518504f,-0.9904522744531672f,0.015624999999999894f,0f,0f,0f,1f], start_interpolation: 0, interpolation_duration: 1 }