# This file was generated by Animated Java via MC-Build. It is not recommended to edit this file directly.
$data merge entity $(bone_carrot) { transformation: [-0.9063077870366499f,0f,-0.42261826174069933f,0.16048380384333308f,0f,1f,0f,1.375f,0.42261826174069933f,0f,-0.9063077870366499f,0.36005709573839906f,0f,0f,0f,1f], start_interpolation: 0, interpolation_duration: 1 }
$data merge entity $(bone_face) { transformation: [-0.9063077870366499f,0f,-0.42261826174069933f,0.16048380384333308f,0f,1f,0f,1.375f,0.42261826174069933f,0f,-0.9063077870366499f,0.36005709573839906f,0f,0f,0f,1f], start_interpolation: 0, interpolation_duration: 1 }
$data merge entity $(bone_hat) { transformation: [-0.9063077870366499f,0f,-0.42261826174069933f,-0.028228639640426073f,0f,1f,0f,1.81875f,0.42261826174069933f,0f,-0.9063077870366499f,0.10324955364823962f,0f,0f,0f,1f], start_interpolation: 0, interpolation_duration: 1 }
$data merge entity $(bone_head) { transformation: [-0.9063077870366499f,0f,-0.42261826174069933f,0.24999999999999997f,0f,1f,0f,1.5625f,0.42261826174069933f,0f,-0.9063077870366499f,0.25625000000000003f,0f,0f,0f,1f], start_interpolation: 0, interpolation_duration: 1 }
$data merge entity $(bone_buttons) { transformation: [-0.9180899190864977f,-0.0015597652406457055f,-0.39636910525940594f,0.22045080983969456f,-0.05585320643445126f,0.9905236799102823f,0.12547214379288735f,1.027136269561415f,0.3924172776557354f,0.1373331958027137f,-0.9094769230320662f,0.3489302382240477f,0f,0f,0f,1f], start_interpolation: 0, interpolation_duration: 1 }
$data merge entity $(bone_scarf) { transformation: [-0.9180899190864977f,-0.0015597652406457055f,-0.39636910525940594f,0.24196437492596623f,-0.05585320643445126f,0.9905236799102823f,0.12547214379288735f,0.7759063506169498f,0.3924172776557354f,0.1373331958027137f,-0.9094769230320662f,-0.11430270193072589f,0f,0f,0f,1f], start_interpolation: 0, interpolation_duration: 1 }
$data merge entity $(bone_body) { transformation: [-0.9180899190864977f,-0.0015597652406457055f,-0.39636910525940594f,-0.7916666666666666f,-0.05585320643445126f,0.9905236799102823f,0.12547214379288735f,1.2083333333333333f,0.3924172776557354f,0.1373331958027137f,-0.9094769230320662f,0.39583333333333326f,0f,0f,0f,1f], start_interpolation: 0, interpolation_duration: 1 }
$data merge entity $(bone_snowball2) { transformation: [-0.4998726977607642f,0.0010392878616818115f,-0.011234140559751154f,0.7270833333333334f,-0.011282111210925247f,-0.04604737690104077f,0.4977472782920644f,1.1875f,-6.034938819139881e-17f,0.4978740392521727f,0.046059103755131225f,-0.08749999999999994f,0f,0f,0f,1f], start_interpolation: 0, interpolation_duration: 1 }
$data merge entity $(bone_leftarm) { transformation: [-1f,-1.5984848350717833e-17f,1.2141697760125282e-16f,-0.08333333333333331f,0f,0.9914448613738104f,0.13052619222005157f,0f,-1.2246467991473532e-16f,0.13052619222005157f,-0.9914448613738104f,-0.27083333333333337f,0f,0f,0f,1f], start_interpolation: 0, interpolation_duration: 1 }
$data merge entity $(bone_rightarm) { transformation: [-0.5989663965269207f,-0.032600906990084f,-0.8001102653353344f,-0.5416666666666667f,-0.22186639021701646f,0.966810821647301f,0.12669704036693707f,1.25f,0.7694248246083731f,0.25340484606474006f,-0.586320239517006f,0.6458333333333333f,0f,0f,0f,1f], start_interpolation: 0, interpolation_duration: 1 }