# This file was generated by Animated Java via MC-Build. It is not recommended to edit this file directly.
$data merge entity $(bone_carrot) { transformation: [-0.9762960071199335f,0f,-0.21643961393810252f,0.10888772739402648f,0f,1f,0f,1.375f,0.21643961393810252f,0f,-0.9762960071199335f,0.4319716021427592f,0f,0f,0f,1f], start_interpolation: 0, interpolation_duration: 1 }
$data merge entity $(bone_face) { transformation: [-0.9762960071199335f,0f,-0.21643961393810252f,0.10888772739402648f,0f,1f,0f,1.375f,0.21643961393810252f,0f,-0.9762960071199335f,0.4319716021427592f,0f,0f,0f,1f], start_interpolation: 0, interpolation_duration: 1 }
$data merge entity $(bone_hat) { transformation: [-0.9762960071199335f,0f,-0.21643961393810252f,-0.019768152406626383f,0f,1f,0f,1.81875f,0.21643961393810252f,0f,-0.9762960071199335f,0.1404065757889114f,0f,0f,0f,1f], start_interpolation: 0, interpolation_duration: 1 }
$data merge entity $(bone_head) { transformation: [-0.9762960071199335f,0f,-0.21643961393810252f,0.2187499999999999f,0f,1f,0f,1.5625f,0.21643961393810252f,0f,-0.9762960071199335f,0.3500000000000001f,0f,0f,0f,1f], start_interpolation: 0, interpolation_duration: 1 }
$data merge entity $(bone_buttons) { transformation: [-0.9792895145264705f,-0.0020681094663370036f,-0.2024543643929289f,0.16232408348497507f,-0.029760671060118545f,0.9905564897613823f,0.1338362546160787f,1.0203128818828886f,0.20026569650482084f,0.13708961855240417f,-0.9701031322950129f,0.38556509190229465f,0f,0f,0f,1f], start_interpolation: 0, interpolation_duration: 1 }
$data merge entity $(bone_scarf) { transformation: [-0.9792895145264705f,-0.0020681094663370036f,-0.2024543643929289f,0.2694014252421143f,-0.029760671060118545f,0.9905564897613823f,0.1338362546160787f,0.7673691767286089f,0.20026569650482084f,0.13708961855240417f,-0.9701031322950129f,-0.0646770511774592f,0f,0f,0f,1f], start_interpolation: 0, interpolation_duration: 1 }
$data merge entity $(bone_body) { transformation: [-0.9792895145264705f,-0.0020681094663370036f,-0.2024543643929289f,-0.8333333333333334f,-0.029760671060118545f,0.9905564897613823f,0.1338362546160787f,1.2291666666666667f,0.20026569650482084f,0.13708961855240417f,-0.9701031322950129f,0.22916666666666635f,0f,0f,0f,1f], start_interpolation: 0, interpolation_duration: 1 }
$data merge entity $(bone_snowball2) { transformation: [-0.49991852532220804f,0.000822499103150088f,-0.008988411144031616f,0.7479166666666668f,-0.009025964750032789f,-0.04555552233063698f,0.4978385544988595f,1.1875f,-6.03550004490423e-17f,0.4979196901915087f,0.04556294678345374f,0.037500000000000235f,0f,0f,0f,1f], start_interpolation: 0, interpolation_duration: 1 }
$data merge entity $(bone_leftarm) { transformation: [-1f,-1.5984848350717833e-17f,1.2141697760125282e-16f,-0.041666666666666595f,0f,0.9914448613738104f,0.13052619222005157f,0f,-1.2246467991473532e-16f,0.13052619222005157f,-0.9914448613738104f,-0.16666666666666655f,0f,0f,0f,1f], start_interpolation: 0, interpolation_duration: 1 }
$data merge entity $(bone_rightarm) { transformation: [-0.8909880437218263f,-0.058726485287073193f,-0.4502127340164647f,-0.7083333333333335f,-0.15971535750535598f,0.9687615192538128f,0.18971590178469702f,1.25f,0.4250074240783203f,0.24094048796097275f,-0.8725344524655969f,0.3541666666666662f,0f,0f,0f,1f], start_interpolation: 0, interpolation_duration: 1 }