# This file was generated by Animated Java via MC-Build. It is not recommended to edit this file directly.
$data merge entity $(bone_carrot) { transformation: [-0.8549118706729467f,0f,-0.5187732581605212f,0.187942011937411f,0f,1f,0f,1.375f,0.5187732581605212f,0f,-0.8549118706729467f,0.32231044999541847f,0f,0f,0f,1f], start_interpolation: 0, interpolation_duration: 1 }
$data merge entity $(bone_face) { transformation: [-0.8549118706729467f,0f,-0.5187732581605212f,0.187942011937411f,0f,1f,0f,1.375f,0.5187732581605212f,0f,-0.8549118706729467f,0.32231044999541847f,0f,0f,0f,1f], start_interpolation: 0, interpolation_duration: 1 }
$data merge entity $(bone_hat) { transformation: [-0.8549118706729467f,0f,-0.5187732581605212f,-0.027606623154811105f,0f,1f,0f,1.81875f,0.5187732581605212f,0f,-0.8549118706729467f,0.08757381904515518f,0f,0f,0f,1f], start_interpolation: 0, interpolation_duration: 1 }
$data merge entity $(bone_head) { transformation: [-0.8549118706729467f,0f,-0.5187732581605212f,0.265625f,0f,1f,0f,1.5625f,0.5187732581605212f,0f,-0.8549118706729467f,0.20937500000000003f,0f,0f,0f,1f], start_interpolation: 0, interpolation_duration: 1 }
$data merge entity $(bone_buttons) { transformation: [-0.8730983272960448f,-0.0008079472693543156f,-0.4875434935408931f,0.2337237955321778f,-0.06644118384507547f,0.9908665526913473f,0.1173415691340047f,1.029681324659458f,0.4829957349315973f,0.13484369462001353f,-0.8651776107014738f,0.3309239365069784f,0f,0f,0f,1f], start_interpolation: 0, interpolation_duration: 1 }
$data merge entity $(bone_scarf) { transformation: [-0.8730983272960448f,-0.0008079472693543156f,-0.4875434935408931f,0.21180625850939405f,-0.06644118384507547f,0.9908665526913473f,0.1173415691340047f,0.777229722146703f,0.4829957349315973f,0.13484369462001353f,-0.8651776107014738f,-0.13162538244138722f,0f,0f,0f,1f], start_interpolation: 0, interpolation_duration: 1 }
$data merge entity $(bone_body) { transformation: [-0.8730983272960448f,-0.0008079472693543156f,-0.4875434935408931f,-0.7708333333333335f,-0.06644118384507547f,0.9908665526913473f,0.1173415691340047f,1.1979166666666667f,0.4829957349315973f,0.13484369462001353f,-0.8651776107014738f,0.4791666666666665f,0f,0f,0f,1f], start_interpolation: 0, interpolation_duration: 1 }
$data merge entity $(bone_leftarm) { transformation: [-1f,-1.5984848350717833e-17f,1.2141697760125282e-16f,-0.10416666666666662f,0f,0.9914448613738104f,0.13052619222005157f,0f,-1.2246467991473532e-16f,0.13052619222005157f,-0.9914448613738104f,-0.32291666666666663f,0f,0f,0f,1f], start_interpolation: 0, interpolation_duration: 1 }
$data merge entity $(bone_rightarm) { transformation: [-0.41179780747742123f,-0.011848229823361573f,-0.9111982140055157f,-0.4583333333333335f,-0.19559550410363064f,0.9777600276614078f,0.07568174867172194f,1.25f,0.8900364961793619f,0.20939185217580908f,-0.4049568961150666f,0.7916666666666664f,0f,0f,0f,1f], start_interpolation: 0, interpolation_duration: 1 }