# This file was generated by Animated Java via MC-Build. It is not recommended to edit this file directly.
$data merge entity $(bone_carrot) { transformation: [-0.9063077870366499f,0f,-0.4226182617406995f,0.16048380384333308f,0f,1f,0f,1.375f,0.4226182617406995f,0f,-0.9063077870366499f,0.360057095738399f,0f,0f,0f,1f], start_interpolation: 0, interpolation_duration: 1 }
$data merge entity $(bone_face) { transformation: [-0.9063077870366499f,0f,-0.4226182617406995f,0.16048380384333308f,0f,1f,0f,1.375f,0.4226182617406995f,0f,-0.9063077870366499f,0.360057095738399f,0f,0f,0f,1f], start_interpolation: 0, interpolation_duration: 1 }
$data merge entity $(bone_hat) { transformation: [-0.9063077870366499f,0f,-0.4226182617406995f,-0.02822863964042613f,0f,1f,0f,1.81875f,0.4226182617406995f,0f,-0.9063077870366499f,0.10324955364823962f,0f,0f,0f,1f], start_interpolation: 0, interpolation_duration: 1 }
$data merge entity $(bone_head) { transformation: [-0.9063077870366499f,0f,-0.4226182617406995f,0.24999999999999997f,0f,1f,0f,1.5625f,0.4226182617406995f,0f,-0.9063077870366499f,0.25625f,0f,0f,0f,1f], start_interpolation: 0, interpolation_duration: 1 }
$data merge entity $(bone_buttons) { transformation: [-0.9180899190864977f,-0.0015597652406457124f,-0.39636910525940594f,0.22045080983969456f,-0.05585320643445127f,0.9905236799102823f,0.12547214379288735f,1.027136269561415f,0.3924172776557354f,0.1373331958027137f,-0.9094769230320662f,0.3489302382240477f,0f,0f,0f,1f], start_interpolation: 0, interpolation_duration: 1 }
$data merge entity $(bone_scarf) { transformation: [-0.9180899190864977f,-0.0015597652406457124f,-0.39636910525940594f,0.24196437492596623f,-0.05585320643445127f,0.9905236799102823f,0.12547214379288735f,0.7759063506169498f,0.3924172776557354f,0.1373331958027137f,-0.9094769230320662f,-0.11430270193072589f,0f,0f,0f,1f], start_interpolation: 0, interpolation_duration: 1 }
$data merge entity $(bone_body) { transformation: [-0.9180899190864977f,-0.0015597652406457124f,-0.39636910525940594f,-0.7916666666666666f,-0.05585320643445127f,0.9905236799102823f,0.12547214379288735f,1.2083333333333333f,0.3924172776557354f,0.1373331958027137f,-0.9094769230320662f,0.39583333333333326f,0f,0f,0f,1f], start_interpolation: 0, interpolation_duration: 1 }
$data merge entity $(bone_leftarm) { transformation: [-1f,-1.5984848350717833e-17f,1.2141697760125282e-16f,-0.08333333333333331f,0f,0.9914448613738104f,0.13052619222005157f,0f,-1.2246467991473532e-16f,0.13052619222005157f,-0.9914448613738104f,-0.27083333333333337f,0f,0f,0f,1f], start_interpolation: 0, interpolation_duration: 1 }
$data merge entity $(bone_rightarm) { transformation: [-0.5989663965269206f,-0.03260090699008397f,-0.8001102653353345f,-0.5416666666666667f,-0.22186639021701643f,0.966810821647301f,0.12669704036693707f,1.25f,0.7694248246083732f,0.25340484606474f,-0.5863202395170058f,0.6458333333333334f,0f,0f,0f,1f], start_interpolation: 0, interpolation_duration: 1 }