# This file was generated by Animated Java via MC-Build. It is not recommended to edit this file directly.
$data merge entity $(bone_carrot) { transformation: [-0.9469301294951057f,0f,-0.3214394653031615f,0.1340897037364146f,0f,1f,0f,1.375f,0.3214394653031615f,0f,-0.9469301294951057f,0.3965697529469949f,0f,0f,0f,1f], start_interpolation: 0, interpolation_duration: 1 }
$data merge entity $(bone_face) { transformation: [-0.9469301294951057f,0f,-0.3214394653031615f,0.1340897037364146f,0f,1f,0f,1.375f,0.3214394653031615f,0f,-0.9469301294951057f,0.3965697529469949f,0f,0f,0f,1f], start_interpolation: 0, interpolation_duration: 1 }
$data merge entity $(bone_hat) { transformation: [-0.9469301294951057f,0f,-0.3214394653031615f,-0.025543262264267425f,0f,1f,0f,1.81875f,0.3214394653031615f,0f,-0.9469301294951057f,0.12074405406122199f,0f,0f,0f,1f], start_interpolation: 0, interpolation_duration: 1 }
$data merge entity $(bone_head) { transformation: [-0.9469301294951057f,0f,-0.3214394653031615f,0.23437499999999997f,0f,1f,0f,1.5625f,0.3214394653031615f,0f,-0.9469301294951057f,0.30312500000000003f,0f,0f,0f,1f], start_interpolation: 0, interpolation_duration: 1 }
$data merge entity $(bone_buttons) { transformation: [-0.9536204278724354f,-0.0020459065111389885f,-0.30100480695653503f,0.19666084125342564f,-0.04348761169182051f,0.9904225070873556f,0.13104230265123748f,1.0238555379964183f,0.2978538352510081f,0.13805459688595947f,-0.9445761065710483f,0.3674964331662745f,0f,0f,0f,1f], start_interpolation: 0, interpolation_duration: 1 }
$data merge entity $(bone_scarf) { transformation: [-0.9536204278724354f,-0.0020459065111389885f,-0.30100480695653503f,0.26134593461205924f,-0.04348761169182051f,0.9904225070873556f,0.13104230265123748f,0.7724623096096204f,0.2978538352510081f,0.13805459688595947f,-0.9445761065710483f,-0.09161286310036398f,0f,0f,0f,1f], start_interpolation: 0, interpolation_duration: 1 }
$data merge entity $(bone_body) { transformation: [-0.9536204278724354f,-0.0020459065111389885f,-0.30100480695653503f,-0.8125f,-0.04348761169182051f,0.9904225070873556f,0.13104230265123748f,1.21875f,0.2978538352510081f,0.13805459688595947f,-0.9445761065710483f,0.3124999999999999f,0f,0f,0f,1f], start_interpolation: 0, interpolation_duration: 1 }
$data merge entity $(bone_leftarm) { transformation: [-1f,-1.5984848350717833e-17f,1.2141697760125282e-16f,-0.06249999999999997f,0f,0.9914448613738104f,0.13052619222005157f,0f,-1.2246467991473532e-16f,0.13052619222005157f,-0.9914448613738104f,-0.21875f,0f,0f,0f,1f], start_interpolation: 0, interpolation_duration: 1 }
$data merge entity $(bone_rightarm) { transformation: [-0.7631089955839653f,-0.05184604654815362f,-0.6441868116595979f,-0.6250000000000001f,-0.20796232835989684f,0.9634595138857498f,0.1688118333712574f,1.25f,0.6118956862423219f,0.2627884178580963f,-0.7460066464835796f,0.49999999999999994f,0f,0f,0f,1f], start_interpolation: 0, interpolation_duration: 1 }