# This file was generated by Animated Java via MC-Build. It is not recommended to edit this file directly.
$data merge entity $(bone_carrot) { transformation: [-0.9961946980917455f,0f,-0.08715574274765805f,0.10537817326808753f,0f,1f,0f,1.375f,0.08715574274765805f,0f,-0.9961946980917455f,0.46380541961111793f,0f,0f,0f,1f], start_interpolation: 0, interpolation_duration: 1 }
$data merge entity $(bone_face) { transformation: [-0.9961946980917455f,0f,-0.08715574274765805f,0.10537817326808753f,0f,1f,0f,1.375f,0.08715574274765805f,0f,-0.9961946980917455f,0.46380541961111793f,0f,0f,0f,1f], start_interpolation: 0, interpolation_duration: 1 }
$data merge entity $(bone_hat) { transformation: [-0.9961946980917455f,0f,-0.08715574274765805f,0.015879835028710265f,0f,1f,0f,1.81875f,0.08715574274765805f,0f,-0.9961946980917455f,0.1579418103791761f,0f,0f,0f,1f], start_interpolation: 0, interpolation_duration: 1 }
$data merge entity $(bone_head) { transformation: [-0.9961946980917455f,0f,-0.08715574274765805f,0.22499999999999995f,0f,1f,0f,1.5625f,0.08715574274765805f,0f,-0.9961946980917455f,0.396875f,0f,0f,0f,1f], start_interpolation: 0, interpolation_duration: 1 }
$data merge entity $(bone_buttons) { transformation: [-0.9940551637688234f,0.028590602250169562f,-0.10505669349218207f,0.12286884250525953f,0.01437943042283696f,0.9909287928560554f,0.1336164640662059f,0.999778858392839f,0.10792387764184756f,0.13131148065501927f,-0.9854490000415719f,0.37490289335380095f,0f,0f,0f,1f], start_interpolation: 0, interpolation_duration: 1 }
$data merge entity $(bone_scarf) { transformation: [-0.9940551637688234f,0.028590602250169562f,-0.10505669349218207f,0.26026675811484146f,0.01437943042283696f,0.9909287928560554f,0.1336164640662059f,0.7383587443462807f,0.10792387764184756f,0.13131148065501927f,-0.9854490000415719f,-0.06207010267458822f,0f,0f,0f,1f], start_interpolation: 0, interpolation_duration: 1 }
$data merge entity $(bone_body) { transformation: [-0.9940551637688234f,0.028590602250169562f,-0.10505669349218207f,-0.84375f,0.01437943042283696f,0.9909287928560554f,0.1336164640662059f,1.25f,0.10792387764184756f,0.13131148065501927f,-0.9854490000415719f,0.1249999999999999f,0f,0f,0f,1f], start_interpolation: 0, interpolation_duration: 1 }
$data merge entity $(bone_snowball2) { transformation: [-0.5f,-6.099933241728101e-17f,-5.3367500691614976e-18f,0.83125f,0f,-0.04357787137382918f,0.4980973490458728f,1.1875f,-6.123233995736766e-17f,0.4980973490458728f,0.04357787137382918f,0.0375000000000001f,0f,0f,0f,1f], start_interpolation: 0, interpolation_duration: 1 }
$data merge entity $(bone_leftarm) { transformation: [-0.9961941871200872f,0.02276824952866642f,-0.084135297952459f,0.031250000000000014f,0.01146236422285846f,0.9911177603760813f,0.13249226118352364f,0f,0.08640460493845917f,0.1310236310002928f,-0.9876067296069463f,-0.09375f,0f,0f,0f,1f], start_interpolation: 0, interpolation_duration: 1 }
$data merge entity $(bone_rightarm) { transformation: [-0.9961941871200872f,0.00004266729225823511f,0.08716157254002986f,-0.84375f,0.011462364222858464f,0.9913792444362557f,0.13052129292732756f,1.25f,-0.08640460493845943f,0.1310236310002928f,-0.9876067296069463f,0.031249999999999896f,0f,0f,0f,1f], start_interpolation: 0, interpolation_duration: 1 }