# This file was generated by Animated Java via MC-Build. It is not recommended to edit this file directly.
$data merge entity $(bone_carrot) { transformation: [-0.9762960071199334f,0f,-0.2164396139381027f,0.10888772739402655f,0f,1f,0f,1.375f,0.2164396139381027f,0f,-0.9762960071199334f,0.4319716021427591f,0f,0f,0f,1f], start_interpolation: 0, interpolation_duration: 1 }
$data merge entity $(bone_face) { transformation: [-0.9762960071199334f,0f,-0.2164396139381027f,0.10888772739402655f,0f,1f,0f,1.375f,0.2164396139381027f,0f,-0.9762960071199334f,0.4319716021427591f,0f,0f,0f,1f], start_interpolation: 0, interpolation_duration: 1 }
$data merge entity $(bone_hat) { transformation: [-0.9762960071199334f,0f,-0.2164396139381027f,-0.019768152406626355f,0f,1f,0f,1.81875f,0.2164396139381027f,0f,-0.9762960071199334f,0.14040657578891136f,0f,0f,0f,1f], start_interpolation: 0, interpolation_duration: 1 }
$data merge entity $(bone_head) { transformation: [-0.9762960071199334f,0f,-0.2164396139381027f,0.21874999999999994f,0f,1f,0f,1.5625f,0.2164396139381027f,0f,-0.9762960071199334f,0.35f,0f,0f,0f,1f], start_interpolation: 0, interpolation_duration: 1 }
$data merge entity $(bone_buttons) { transformation: [-0.9792895145264705f,-0.002068109466336993f,-0.20245436439292916f,0.16232408348497518f,-0.029760671060118572f,0.9905564897613823f,0.1338362546160787f,1.0203128818828886f,0.2002656965048211f,0.13708961855240417f,-0.9701031322950129f,0.3855650919022946f,0f,0f,0f,1f], start_interpolation: 0, interpolation_duration: 1 }
$data merge entity $(bone_scarf) { transformation: [-0.9792895145264705f,-0.002068109466336993f,-0.20245436439292916f,0.2694014252421143f,-0.029760671060118572f,0.9905564897613823f,0.1338362546160787f,0.767369176728609f,0.2002656965048211f,0.13708961855240417f,-0.9701031322950129f,-0.06467705117745931f,0f,0f,0f,1f], start_interpolation: 0, interpolation_duration: 1 }
$data merge entity $(bone_body) { transformation: [-0.9792895145264705f,-0.002068109466336993f,-0.20245436439292916f,-0.8333333333333334f,-0.029760671060118572f,0.9905564897613823f,0.1338362546160787f,1.2291666666666667f,0.2002656965048211f,0.13708961855240417f,-0.9701031322950129f,0.22916666666666652f,0f,0f,0f,1f], start_interpolation: 0, interpolation_duration: 1 }
$data merge entity $(bone_leftarm) { transformation: [-1f,-1.5984848350717833e-17f,1.2141697760125282e-16f,-0.04166666666666664f,0f,0.9914448613738104f,0.13052619222005157f,0f,-1.2246467991473532e-16f,0.13052619222005157f,-0.9914448613738104f,-0.16666666666666663f,0f,0f,0f,1f], start_interpolation: 0, interpolation_duration: 1 }
$data merge entity $(bone_rightarm) { transformation: [-0.8909880437218262f,-0.05872648528707322f,-0.4502127340164651f,-0.7083333333333334f,-0.15971535750535612f,0.9687615192538128f,0.18971590178469705f,1.25f,0.4250074240783206f,0.24094048796097284f,-0.8725344524655968f,0.3541666666666665f,0f,0f,0f,1f], start_interpolation: 0, interpolation_duration: 1 }