# This file was generated by Animated Java via MC-Build. It is not recommended to edit this file directly.
$data merge entity $(bone_carrot) { transformation: [-0.984807753012208f,0f,-0.17364817766693022f,0.1491667408672388f,0f,1f,0f,1.375f,0.17364817766693022f,0f,-0.984807753012208f,0.42710145831530305f,0f,0f,0f,1f], start_interpolation: 0, interpolation_duration: 1 }
$data merge entity $(bone_face) { transformation: [-0.984807753012208f,0f,-0.17364817766693022f,0.1491667408672388f,0f,1f,0f,1.375f,0.17364817766693022f,0f,-0.984807753012208f,0.42710145831530305f,0f,0f,0f,1f], start_interpolation: 0, interpolation_duration: 1 }
$data merge entity $(bone_hat) { transformation: [-0.984807753012208f,0f,-0.17364817766693022f,0.033351200783060087f,0f,1f,0f,1.81875f,0.17364817766693022f,0f,-0.984807753012208f,0.13020204660317117f,0f,0f,0f,1f], start_interpolation: 0, interpolation_duration: 1 }
$data merge entity $(bone_head) { transformation: [-0.984807753012208f,0f,-0.17364817766693022f,0.26249999999999996f,0f,1f,0f,1.5625f,0.17364817766693022f,0f,-0.984807753012208f,0.35000000000000003f,0f,0f,0f,1f], start_interpolation: 0, interpolation_duration: 1 }
$data merge entity $(bone_buttons) { transformation: [-0.9762962106819675f,0.05733062376045697f,-0.2087077108955687f,0.17159802033819438f,0.02825099071557782f,0.9897858850861384f,0.13973468863470462f,0.9846559927085137f,0.2145870232134732f,0.1305262474121065f,-0.9679438559156692f,0.33087958941544765f,0f,0f,0f,1f], start_interpolation: 0, interpolation_duration: 1 }
$data merge entity $(bone_scarf) { transformation: [-0.9762962106819675f,0.05733062376045697f,-0.2087077108955687f,0.25716792513698494f,0.02825099071557782f,0.9897858850861384f,0.13973468863470462f,0.7233246929019057f,0.2145870232134732f,0.1305262474121065f,-0.9679438559156692f,-0.11917352482121069f,0f,0f,0f,1f], start_interpolation: 0, interpolation_duration: 1 }
$data merge entity $(bone_body) { transformation: [-0.9762962106819675f,0.05733062376045697f,-0.2087077108955687f,-0.8125f,0.02825099071557782f,0.9897858850861384f,0.13973468863470462f,1.25f,0.2145870232134732f,0.1305262474121065f,-0.9679438559156692f,0.1874999999999999f,0f,0f,0f,1f], start_interpolation: 0, interpolation_duration: 1 }
$data merge entity $(bone_snowball2) { transformation: [-0.49809722140112456f,0.04290455923694085f,0.007639164166514204f,0.8625f,0.003827143398106317f,-0.04424233986169002f,0.4980240640139522f,1.1875f,0.04341095490644559f,0.49618727730590456f,0.043745569305519316f,-0.006249999999999941f,0f,0f,0f,1f], start_interpolation: 0, interpolation_duration: 1 }
$data merge entity $(bone_leftarm) { transformation: [-0.984807693448593f,0.045612723013969646f,-0.16755084727840985f,0.06250000000000001f,0.022665699683110004f,0.9903950750400791f,0.13639597279330226f,0f,0.1721629256905714f,0.130526146176186f,-0.9763825337346299f,-0.12499999999999999f,0f,0f,0f,1f], start_interpolation: 0, interpolation_duration: 1 }
$data merge entity $(bone_rightarm) { transformation: [-0.984807693448593f,2.8851164429371672e-8f,0.17364851546863683f,-0.8125f,0.02266569968311001f,0.9914448674355988f,0.12854314798340274f,1.25f,-0.17216292569057165f,0.130526146176186f,-0.9763825337346299f,-9.950255243072244e-17f,0f,0f,0f,1f], start_interpolation: 0, interpolation_duration: 1 }