# This file was generated by Animated Java via MC-Build. It is not recommended to edit this file directly.
$data merge entity $(bone_carrot) { transformation: [-0.9940563382223196f,0f,-0.10886687485196452f,0.08499171943263299f,0f,1f,0f,1.375f,0.10886687485196452f,0f,-0.9940563382223196f,0.46639902838150105f,0f,0f,0f,1f], start_interpolation: 0, interpolation_duration: 1 }
$data merge entity $(bone_face) { transformation: [-0.9940563382223196f,0f,-0.10886687485196452f,0.08499171943263299f,0f,1f,0f,1.375f,0.10886687485196452f,0f,-0.9940563382223196f,0.46639902838150105f,0f,0f,0f,1f], start_interpolation: 0, interpolation_duration: 1 }
$data merge entity $(bone_hat) { transformation: [-0.9940563382223196f,0f,-0.10886687485196452f,-0.011157700097500889f,0f,1f,0f,1.81875f,0.10886687485196452f,0f,-0.9940563382223196f,0.16256060236527395f,0f,0f,0f,1f], start_interpolation: 0, interpolation_duration: 1 }
$data merge entity $(bone_head) { transformation: [-0.9940563382223196f,0f,-0.10886687485196452f,0.20312499999999994f,0f,1f,0f,1.5625f,0.10886687485196452f,0f,-0.9940563382223196f,0.396875f,0f,0f,0f,1f], start_interpolation: 0, interpolation_duration: 1 }
$data merge entity $(bone_buttons) { transformation: [-0.9948077302493847f,-0.0014420774245076512f,-0.10176197840435776f,0.11753272422588823f,-0.015112646776268574f,0.9909070959855988f,0.13369642864640427f,1.0169845957673436f,0.1006438659009231f,0.1345401335590576f,-0.9857838326521834f,0.40208352020753946f,0f,0f,0f,1f], start_interpolation: 0, interpolation_duration: 1 }
$data merge entity $(bone_scarf) { transformation: [-0.9948077302493847f,-0.0014420774245076512f,-0.10176197840435776f,0.26571306857614496f,-0.015112646776268574f,0.9909070959855988f,0.13369642864640427f,0.7611315129638361f,0.1006438659009231f,0.1345401335590576f,-0.9857838326521834f,-0.03466108258473405f,0f,0f,0f,1f], start_interpolation: 0, interpolation_duration: 1 }
$data merge entity $(bone_body) { transformation: [-0.9948077302493847f,-0.0014420774245076512f,-0.10176197840435776f,-0.8541666666666666f,-0.015112646776268574f,0.9909070959855988f,0.13369642864640427f,1.2395833333333333f,0.1006438659009231f,0.1345401335590576f,-0.9857838326521834f,0.14583333333333326f,0f,0f,0f,1f], start_interpolation: 0, interpolation_duration: 1 }
$data merge entity $(bone_leftarm) { transformation: [-1f,-1.5984848350717833e-17f,1.2141697760125282e-16f,-0.02083333333333333f,0f,0.9914448613738104f,0.13052619222005157f,0f,-1.2246467991473532e-16f,0.13052619222005157f,-0.9914448613738104f,-0.11458333333333337f,0f,0f,0f,1f], start_interpolation: 0, interpolation_duration: 1 }
$data merge entity $(bone_rightarm) { transformation: [-0.9721739273638177f,-0.04368160440295187f,-0.23015162912913406f,-0.7916666666666666f,-0.08644528235113105f,0.9800169972885622f,0.17914769935654637f,1.25f,0.21772704956721312f,0.19405824502528699f,-0.9565230417634809f,0.2083333333333333f,0f,0f,0f,1f], start_interpolation: 0, interpolation_duration: 1 }