# This file was generated by Animated Java via MC-Build. It is not recommended to edit this file directly.
$data merge entity $(bone_carrot) { transformation: [-0.9713420698132615f,0f,0.23768589232617277f,-0.08166259017000477f,0f,1f,0f,1.375f,-0.23768589232617277f,0f,-0.9713420698132615f,0.4374272548862243f,0f,0f,0f,1f], start_interpolation: 0, interpolation_duration: 1 }
$data merge entity $(bone_face) { transformation: [-0.9713420698132615f,0f,0.23768589232617277f,-0.08166259017000477f,0f,1f,0f,1.375f,-0.23768589232617277f,0f,-0.9713420698132615f,0.4374272548862243f,0f,0f,0f,1f], start_interpolation: 0, interpolation_duration: 1 }
$data merge entity $(bone_hat) { transformation: [-0.9713420698132615f,0f,0.23768589232617277f,-0.0680946281814046f,0f,1f,0f,1.81875f,-0.23768589232617277f,0f,-0.9713420698132615f,0.11902748979919425f,0f,0f,0f,1f], start_interpolation: 0, interpolation_duration: 1 }
$data merge entity $(bone_head) { transformation: [-0.9713420698132615f,0f,0.23768589232617277f,0.05312500000000015f,0f,1f,0f,1.5625f,-0.23768589232617277f,0f,-0.9713420698132615f,0.4124999999999999f,0f,0f,0f,1f], start_interpolation: 0, interpolation_duration: 1 }
$data merge entity $(bone_buttons) { transformation: [-0.9807066105740245f,-0.05897816289512476f,0.18637628679079515f,0.07816489361699319f,-0.030516344816254565f,0.98790275052061f,0.15204245529742277f,1.0041611214604818f,-0.19308883104795072f,0.14342151796480707f,-0.9706425559953605f,0.39918671896228386f,0f,0f,0f,1f], start_interpolation: 0, interpolation_duration: 1 }
$data merge entity $(bone_scarf) { transformation: [-0.9807066105740245f,-0.05897816289512476f,0.18637628679079515f,0.35153401834333997f,-0.030516344816254565f,0.98790275052061f,0.15204245529742277f,0.7591295126579813f,-0.19308883104795072f,0.14342151796480707f,-0.9706425559953605f,0.02051417594654127f,0f,0f,0f,1f], start_interpolation: 0, interpolation_duration: 1 }
$data merge entity $(bone_body) { transformation: [-0.9807066105740245f,-0.05897816289512476f,0.18637628679079515f,-0.78125f,-0.030516344816254565f,0.98790275052061f,0.15204245529742277f,1.21875f,-0.19308883104795072f,0.14342151796480707f,-0.9706425559953605f,-0.12499999999999976f,0f,0f,0f,1f], start_interpolation: 0, interpolation_duration: 1 }
$data merge entity $(bone_snowball2) { transformation: [-0.4924038128641937f,0.08546470314721168f,0.015305867919301346f,0.83125f,0.00756724262511782f,-0.0455635223239057f,0.49786213179201694f,1.1875f,0.08649405711294106f,0.4905300703824364f,0.04357783995043074f,0.2125000000000001f,0f,0f,0f,1f], start_interpolation: 0, interpolation_duration: 1 }
$data merge entity $(bone_leftarm) { transformation: [-0.971221285063744f,-0.0727915224920283f,0.22678317771038983f,0.12500000000000003f,-0.03731913116873982f,0.9869016766277026f,0.1569470073567511f,0f,-0.2352371099294074f,0.14396692301609504f,-0.9612164309817731f,-0.18749999999999997f,0f,0f,0f,1f], start_interpolation: 0, interpolation_duration: 1 }
$data merge entity $(bone_rightarm) { transformation: [-0.9902674217605159f,0.03647174732682582f,-0.13431397934209552f,-0.8125f,0.018231927048013477f,0.9907316954054419f,0.134604251623693f,1.25f,0.1379783687245816f,0.1308454025405047f,-0.9817542719021479f,0.0624999999999999f,0f,0f,0f,1f], start_interpolation: 0, interpolation_duration: 1 }