# This file was generated by Animated Java via MC-Build. It is not recommended to edit this file directly.
$data merge entity $(bone_carrot) { transformation: [-0.9961946980917455f,0f,0.0871557427476583f,0.03307315220897597f,0f,1f,0f,1.375f,-0.0871557427476583f,0f,-0.9961946980917455f,0.5045164839242033f,0f,0f,0f,1f], start_interpolation: 0, interpolation_duration: 1 }
$data merge entity $(bone_face) { transformation: [-0.9961946980917455f,0f,0.0871557427476583f,0.03307315220897597f,0f,1f,0f,1.375f,-0.0871557427476583f,0f,-0.9961946980917455f,0.5045164839242033f,0f,0f,0f,1f], start_interpolation: 0, interpolation_duration: 1 }
$data merge entity $(bone_hat) { transformation: [-0.9961946980917455f,0f,0.0871557427476583f,-0.0019528468131149168f,0f,1f,0f,1.81875f,-0.0871557427476583f,0f,-0.9961946980917455f,0.18775840684880424f,0f,0f,0f,1f], start_interpolation: 0, interpolation_duration: 1 }
$data merge entity $(bone_head) { transformation: [-0.9961946980917455f,0f,0.0871557427476583f,0.16249999999999995f,0f,1f,0f,1.5625f,-0.0871557427476583f,0f,-0.9961946980917455f,0.459375f,0f,0f,0f,1f], start_interpolation: 0, interpolation_duration: 1 }
$data merge entity $(bone_buttons) { transformation: [-0.9940551166829796f,0.0000837177495217147f,0.10887799588404512f,0.04665123888146594f,0.014379429741720216f,0.9913411570559402f,0.13052180786095716f,1.0008813784221586f,-0.10792431142560355f,0.13131147443513116f,-0.9854489533633801f,0.42101055397470477f,0f,0f,0f,1f], start_interpolation: 0, interpolation_duration: 1 }
$data merge entity $(bone_scarf) { transformation: [-0.9940551166829796f,0.0000837177495217147f,0.10887799588404512f,0.2745201473935912f,0.014379429741720216f,0.9913411570559402f,0.13052180786095716f,0.7381525630125947f,-0.10792431142560355f,0.13131147443513116f,-0.9854489533633801f,0.024509113136238304f,0f,0f,0f,1f], start_interpolation: 0, interpolation_duration: 1 }
$data merge entity $(bone_body) { transformation: [-0.9940551166829796f,0.0000837177495217147f,0.10887799588404512f,-0.84375f,0.014379429741720216f,0.9913411570559402f,0.13052180786095716f,1.25f,-0.10792431142560355f,0.13131147443513116f,-0.9854489533633801f,-0.031250000000000104f,0f,0f,0f,1f], start_interpolation: 0, interpolation_duration: 1 }
$data merge entity $(bone_snowball) { transformation: [-0.4980972365539288f,-0.043579154743263675f,0.000014463823003960985f,-0.7625f,0.0038271435145332926f,-0.043577839919144545f,0.49808264860412543f,1.1875f,-0.043410781032580635f,0.4961872924006058f,0.0437455706363199f,0.006249999999999905f,0f,0f,0f,1f], start_interpolation: 0, interpolation_duration: 1 }
$data merge entity $(bone_leftarm) { transformation: [-0.9961942021995223f,0.000042690158682388585f,0.08716140018154611f,0.03125000000000001f,0.011462364396364774f,0.9913792441731512f,0.1305212949105109f,0f,-0.08640443105826359f,0.13102363298360326f,-0.9876067445563926f,-0.06249999999999999f,0f,0f,0f,1f], start_interpolation: 0, interpolation_duration: 1 }
$data merge entity $(bone_rightarm) { transformation: [-0.9961942021995223f,0.000042690158682388585f,0.08716140018154611f,-0.84375f,0.011462364396364774f,0.9913792441731512f,0.1305212949105109f,1.25f,-0.08640443105826359f,0.13102363298360326f,-0.9876067445563926f,-0.031250000000000104f,0f,0f,0f,1f], start_interpolation: 0, interpolation_duration: 1 }