# This file was generated by Animated Java via MC-Build. It is not recommended to edit this file directly.
$data merge entity $(bone_carrot) { transformation: [-0.793353340291235f,0f,0.6087614290087208f,-0.289661997918145f,0f,1f,0f,1.375f,-0.6087614290087208f,0f,-0.793353340291235f,0.44353094676529187f,0f,0f,0f,1f], start_interpolation: 0, interpolation_duration: 1 }
$data merge entity $(bone_face) { transformation: [-0.793353340291235f,0f,0.6087614290087208f,-0.289661997918145f,0f,1f,0f,1.375f,-0.6087614290087208f,0f,-0.793353340291235f,0.44353094676529187f,0f,0f,0f,1f], start_interpolation: 0, interpolation_duration: 1 }
$data merge entity $(bone_hat) { transformation: [-0.793353340291235f,0f,0.6087614290087208f,-0.14900863512112195f,0f,1f,0f,1.81875f,-0.6087614290087208f,0f,-0.793353340291235f,0.15756043861123586f,0f,0f,0f,1f], start_interpolation: 0, interpolation_duration: 1 }
$data merge entity $(bone_head) { transformation: [-0.793353340291235f,0f,0.6087614290087208f,-0.15625000000000006f,0f,1f,0f,1.5625f,-0.6087614290087208f,0f,-0.793353340291235f,0.475f,0f,0f,0f,1f], start_interpolation: 0, interpolation_duration: 1 }
$data merge entity $(bone_buttons) { transformation: [-0.8191519678512446f,-0.17972576874456456f,0.5446913819903971f,-0.15601003788369128f,-0.07486668192506725f,0.9750187418908856f,0.20912539993756257f,0.9951424414740138f,-0.5686695292548778f,0.13052624644373254f,-0.8121439930741011f,0.3807839098277489f,0f,0f,0f,1f], start_interpolation: 0, interpolation_duration: 1 }
$data merge entity $(bone_scarf) { transformation: [-0.8191519678512446f,-0.17972576874456456f,0.5446913819903971f,0.2614088482049324f,-0.07486668192506725f,0.9750187418908856f,0.20912539993756257f,0.7842156462202579f,-0.5686695292548778f,0.13052624644373254f,-0.8121439930741011f,0.1369900971898712f,0f,0f,0f,1f], start_interpolation: 0, interpolation_duration: 1 }
$data merge entity $(bone_body) { transformation: [-0.8191519678512446f,-0.17972576874456456f,0.5446913819903971f,-0.75f,-0.07486668192506725f,0.9750187418908856f,0.20912539993756257f,1.1875f,-0.5686695292548778f,0.13052624644373254f,-0.8121439930741011f,-0.4375000000000001f,0f,0f,0f,1f], start_interpolation: 0, interpolation_duration: 1 }
$data merge entity $(bone_snowball2) { transformation: [-0.4913494396427515f,0.089945031787816f,-0.022036774252209443f,0.5812499999999999f,-0.03308332279105837f,-0.05936218371921498f,0.49536009618982113f,1.1875f,0.08649405711294106f,0.48824791080021523f,0.06428651245298933f,0.5375000000000001f,0f,0f,0f,1f], start_interpolation: 0, interpolation_duration: 1 }
$data merge entity $(bone_leftarm) { transformation: [-0.7933535120658812f,-0.1966264222255101f,0.576132150617831f,0.25f,-0.07945935706080821f,0.9717514884028443f,0.22222793560292922f,0f,-0.6035531587757739f,0.13052622291958083f,-0.78656626527085f,-0.12499999999999997f,0f,0f,0f,1f], start_interpolation: 0, interpolation_duration: 1 }
$data merge entity $(bone_rightarm) { transformation: [-0.9945212645455214f,0.02733402080846638f,-0.10089750082742073f,-0.8125f,0.013732005014979337f,0.9910049212904267f,0.13311903701733907f,1.25f,0.10362859839371381f,0.1310041880422051f,-0.9859508184034115f,-0.0625000000000001f,0f,0f,0f,1f], start_interpolation: 0, interpolation_duration: 1 }