# This file was generated by Animated Java via MC-Build. It is not recommended to edit this file directly.
$data merge entity $(bone_carrot) { transformation: [-0.793353340291235f,0f,0.6087614290087208f,-0.258411997918145f,0f,1f,0f,1.375f,-0.6087614290087208f,0f,-0.793353340291235f,0.44353094676529187f,0f,0f,0f,1f], start_interpolation: 0, interpolation_duration: 1 }
$data merge entity $(bone_face) { transformation: [-0.793353340291235f,0f,0.6087614290087208f,-0.258411997918145f,0f,1f,0f,1.375f,-0.6087614290087208f,0f,-0.793353340291235f,0.44353094676529187f,0f,0f,0f,1f], start_interpolation: 0, interpolation_duration: 1 }
$data merge entity $(bone_hat) { transformation: [-0.793353340291235f,0f,0.6087614290087208f,-0.11775863512112195f,0f,1f,0f,1.81875f,-0.6087614290087208f,0f,-0.793353340291235f,0.15756043861123586f,0f,0f,0f,1f], start_interpolation: 0, interpolation_duration: 1 }
$data merge entity $(bone_head) { transformation: [-0.793353340291235f,0f,0.6087614290087208f,-0.12500000000000006f,0f,1f,0f,1.5625f,-0.6087614290087208f,0f,-0.793353340291235f,0.475f,0f,0f,0f,1f], start_interpolation: 0, interpolation_duration: 1 }
$data merge entity $(bone_snowball2) { transformation: [-0.24999995099834238f,-0.40728525868873594f,-0.14703313421020411f,0.36249999999999993f,-0.03773953913356423f,-0.1486388299082414f,0.4759014871057823f,1.125f,-0.4313649866259576f,0.2490486223578809f,0.04357788446940778f,0.6625f,0f,0f,0f,1f], start_interpolation: 0, interpolation_duration: 1 }
$data merge entity $(bone_leftarm) { transformation: [-0.2164395744192431f,-2.799920348094374e-7f,0.9762960158810128f,0.25000000000000006f,0.12743210922683068f,0.9914448657055005f,0.028251297389734135f,0.0625f,-0.9679436802641042f,0.13052615931729433f,-0.2145878691134665f,-0.24999999999999997f,0f,0f,0f,1f], start_interpolation: 0, interpolation_duration: 1 }
$data merge entity $(bone_rightarm) { transformation: [-0.9975636850414896f,0.018205533397889103f,-0.06734428587595216f,-0.8125f,0.009182351626405606f,0.9912147629589022f,0.1319430866356262f,1.25f,0.06915474463153394f,0.13100325280704161f,-0.9889670212140148f,-0.0781250000000001f,0f,0f,0f,1f], start_interpolation: 0, interpolation_duration: 1 }