# This file was generated by Animated Java via MC-Build. It is not recommended to edit this file directly.
$data merge entity $(bone_carrot) { transformation: [-0.881921264348355f,0f,0.47139673682599753f,-0.1601937244900067f,0f,1f,0f,1.375f,-0.47139673682599753f,0f,-0.881921264348355f,0.45787097901634527f,0f,0f,0f,1f], start_interpolation: 0, interpolation_duration: 1 }
$data merge entity $(bone_face) { transformation: [-0.881921264348355f,0f,0.47139673682599753f,-0.1601937244900067f,0f,1f,0f,1.375f,-0.47139673682599753f,0f,-0.881921264348355f,0.45787097901634527f,0f,0f,0f,1f], start_interpolation: 0, interpolation_duration: 1 }
$data merge entity $(bone_hat) { transformation: [-0.881921264348355f,0f,0.47139673682599753f,-0.0680023232536547f,0f,1f,0f,1.81875f,-0.47139673682599753f,0f,-0.881921264348355f,0.15280828785585948f,0f,0f,0f,1f], start_interpolation: 0, interpolation_duration: 1 }
$data merge entity $(bone_head) { transformation: [-0.881921264348355f,0f,0.47139673682599753f,-0.023437499999999972f,0f,1f,0f,1.5625f,-0.47139673682599753f,0f,-0.881921264348355f,0.4671875f,0f,0f,0f,1f], start_interpolation: 0, interpolation_duration: 1 }
$data merge entity $(bone_buttons) { transformation: [-0.8967474712902865f,-0.13382253827271715f,0.42182401660493907f,-0.07627792606985484f,-0.061394267116016664f,0.9815855021118677f,0.18088849053789963f,1.0076711067577162f,-0.43826329609010606f,0.1363137201239837f,-0.8884502535348822f,0.4115346767214013f,0f,0f,0f,1f], start_interpolation: 0, interpolation_duration: 1 }
$data merge entity $(bone_scarf) { transformation: [-0.8967474712902865f,-0.13382253827271715f,0.42182401660493907f,0.2945021743379308f,-0.061394267116016664f,0.9815855021118677f,0.18088849053789963f,0.7814007994495848f,-0.43826329609010606f,0.1363137201239837f,-0.8884502535348822f,0.1123893480393775f,0f,0f,0f,1f], start_interpolation: 0, interpolation_duration: 1 }
$data merge entity $(bone_body) { transformation: [-0.8967474712902865f,-0.13382253827271715f,0.42182401660493907f,-0.78125f,-0.061394267116016664f,0.9815855021118677f,0.18088849053789963f,1.203125f,-0.43826329609010606f,0.1363137201239837f,-0.8884502535348822f,-0.3125f,0f,0f,0f,1f], start_interpolation: 0, interpolation_duration: 1 }
$data merge entity $(bone_leftarm) { transformation: [-0.8909880530136874f,0.05872642892681247f,0.45021272297924086f,0.08333333333333336f,0.15971530566977266f,0.9687615226703796f,0.18971592797701176f,0.020833333333333336f,-0.42500742407832093f,0.24094048796097278f,-0.8725344524655967f,-0.16666666666666669f,0f,0f,0f,1f], start_interpolation: 0, interpolation_duration: 1 }
$data merge entity $(bone_rightarm) { transformation: [-1f,-1.5984848350717833e-17f,1.2141697760125282e-16f,-0.8125f,0f,0.9914448613738104f,0.13052619222005157f,1.25f,-1.2246467991473532e-16f,0.13052619222005157f,-0.9914448613738104f,-0.04166666666666677f,0f,0f,0f,1f], start_interpolation: 0, interpolation_duration: 1 }