# This file was generated by Animated Java via MC-Build. It is not recommended to edit this file directly.
$data merge entity $(bone_carrot) { transformation: [-0.9469301294951058f,0f,0.3214394653031613f,-0.08957223611019094f,0f,1f,0f,1.375f,-0.3214394653031613f,0f,-0.9469301294951058f,0.47245988662120453f,0f,0f,0f,1f], start_interpolation: 0, interpolation_duration: 1 }
$data merge entity $(bone_face) { transformation: [-0.9469301294951058f,0f,0.3214394653031613f,-0.08957223611019094f,0f,1f,0f,1.375f,-0.3214394653031613f,0f,-0.9469301294951058f,0.47245988662120453f,0f,0f,0f,1f], start_interpolation: 0, interpolation_duration: 1 }
$data merge entity $(bone_hat) { transformation: [-0.9469301294951058f,0f,0.3214394653031613f,-0.04830553629639715f,0f,1f,0f,1.81875f,-0.3214394653031613f,0f,-0.9469301294951058f,0.15645425457253637f,0f,0f,0f,1f], start_interpolation: 0, interpolation_duration: 1 }
$data merge entity $(bone_head) { transformation: [-0.9469301294951058f,0f,0.3214394653031613f,0.04687500000000011f,0f,1f,0f,1.5625f,-0.3214394653031613f,0f,-0.9469301294951058f,0.459375f,0f,0f,0f,1f], start_interpolation: 0, interpolation_duration: 1 }
$data merge entity $(bone_buttons) { transformation: [-0.9536204019067663f,-0.0881069005429117f,0.28782860028825996f,-0.011695483220509839f,-0.043487610507717336f,0.986497898321774f,0.157894662161366f,1.0143539389666316f,-0.2978539185565745f,0.13805459312693763f,-0.9445760808516428f,0.42597244326017675f,0f,0f,0f,1f], start_interpolation: 0, interpolation_duration: 1 }
$data merge entity $(bone_scarf) { transformation: [-0.9536204019067663f,-0.0881069005429117f,0.28782860028825996f,0.3043764024165677f,-0.043487610507717336f,0.986497898321774f,0.157894662161366f,0.7744246126602949f,-0.2978539185565745f,0.13805459312693763f,-0.9445760808516428f,0.07855836181267767f,0f,0f,0f,1f], start_interpolation: 0, interpolation_duration: 1 }
$data merge entity $(bone_body) { transformation: [-0.9536204019067663f,-0.0881069005429117f,0.28782860028825996f,-0.8125000000000001f,-0.043487610507717336f,0.986497898321774f,0.157894662161366f,1.21875f,-0.2978539185565745f,0.13805459312693763f,-0.9445760808516428f,-0.18749999999999983f,0f,0f,0f,1f], start_interpolation: 0, interpolation_duration: 1 }
$data merge entity $(bone_leftarm) { transformation: [-1f,-1.5984848350717833e-17f,1.2141697760125282e-16f,1.5308084989341915e-17f,0f,0.9914448613738104f,0.13052619222005157f,0f,-1.2246467991473532e-16f,0.13052619222005157f,-0.9914448613738104f,-0.125f,0f,0f,0f,1f], start_interpolation: 0, interpolation_duration: 1 }
$data merge entity $(bone_rightarm) { transformation: [-1f,-1.5984848350717833e-17f,1.2141697760125282e-16f,-0.8125f,0f,0.9914448613738104f,0.13052619222005157f,1.25f,-1.2246467991473532e-16f,0.13052619222005157f,-0.9914448613738104f,-9.950255243072244e-17f,0f,0f,0f,1f], start_interpolation: 0, interpolation_duration: 1 }