# This file was generated by Animated Java via MC-Build. It is not recommended to edit this file directly.
$data merge entity $(bone_carrot) { transformation: [-0.9866433320848791f,0f,0.16289547339458826f,-0.01530578688905529f,0f,1f,0f,1.375f,-0.16289547339458826f,0f,-0.9866433320848791f,0.48669925325545094f,0f,0f,0f,1f], start_interpolation: 0, interpolation_duration: 1 }
$data merge entity $(bone_face) { transformation: [-0.9866433320848791f,0f,0.16289547339458826f,-0.01530578688905529f,0f,1f,0f,1.375f,-0.16289547339458826f,0f,-0.9866433320848791f,0.48669925325545094f,0f,0f,0f,1f], start_interpolation: 0, interpolation_duration: 1 }
$data merge entity $(bone_hat) { transformation: [-0.9866433320848791f,0f,0.16289547339458826f,-0.02606615970855139f,0f,1f,0f,1.81875f,-0.16289547339458826f,0f,-0.9866433320848791f,0.16819224489176443f,0f,0f,0f,1f], start_interpolation: 0, interpolation_duration: 1 }
$data merge entity $(bone_head) { transformation: [-0.9866433320848791f,0f,0.16289547339458826f,0.1171875000000002f,0f,1f,0f,1.5625f,-0.16289547339458826f,0f,-0.9866433320848791f,0.4515625f,0f,0f,0f,1f], start_interpolation: 0, interpolation_duration: 1 }
$data merge entity $(bone_buttons) { transformation: [-0.9883311290087857f,-0.04328682087605645f,0.1460405100328782f,0.03524876790996223f,-0.022523551779043707f,0.989761922641055f,0.1409397960305714f,1.0161771720610002f,-0.1506461716987051f,0.13600583674359915f,-0.9791874914050923f,0.42654492267630295f,0f,0f,0f,1f], start_interpolation: 0, interpolation_duration: 1 }
$data merge entity $(bone_scarf) { transformation: [-0.9883311290087857f,-0.04328682087605645f,0.1460405100328782f,0.2897659305729122f,-0.022523551779043707f,0.989761922641055f,0.1409397960305714f,0.7648330344308967f,-0.1506461716987051f,0.13600583674359915f,-0.9791874914050923f,0.03897402478924399f,0f,0f,0f,1f], start_interpolation: 0, interpolation_duration: 1 }
$data merge entity $(bone_body) { transformation: [-0.9883311290087857f,-0.04328682087605645f,0.1460405100328782f,-0.8437500000000001f,-0.022523551779043707f,0.989761922641055f,0.1409397960305714f,1.234375f,-0.1506461716987051f,0.13600583674359915f,-0.9791874914050923f,-0.06249999999999966f,0f,0f,0f,1f], start_interpolation: 0, interpolation_duration: 1 }
$data merge entity $(bone_rightarm) { transformation: [-1f,-1.5984848350717833e-17f,1.2141697760125282e-16f,-0.875f,0f,0.9914448613738104f,0.13052619222005157f,1.25f,-1.2246467991473532e-16f,0.13052619222005157f,-0.9914448613738104f,0.062499999999999896f,0f,0f,0f,1f], start_interpolation: 0, interpolation_duration: 1 }