# This file was generated by Animated Java via MC-Build. It is not recommended to edit this file directly.
$data merge entity $(bone_carrot) { transformation: [-0.9914448613738104f,0f,0.13052619222005168f,0.018727294015895735f,0f,1f,0f,1.375f,-0.13052619222005168f,0f,-0.9914448613738104f,0.5066404994247704f,0f,0f,0f,1f], start_interpolation: 0, interpolation_duration: 1 }
$data merge entity $(bone_face) { transformation: [-0.9914448613738104f,0f,0.13052619222005168f,0.018727294015895735f,0f,1f,0f,1.375f,-0.13052619222005168f,0f,-0.9914448613738104f,0.5066404994247704f,0f,0f,0f,1f], start_interpolation: 0, interpolation_duration: 1 }
$data merge entity $(bone_hat) { transformation: [-0.9914448613738104f,0f,0.13052619222005168f,-0.0024485747512012768f,0f,1f,0f,1.81875f,-0.13052619222005168f,0f,-0.9914448613738104f,0.1886560932317014f,0f,0f,0f,1f], start_interpolation: 0, interpolation_duration: 1 }
$data merge entity $(bone_head) { transformation: [-0.9914448613738104f,0f,0.13052619222005168f,0.14999999999999994f,0f,1f,0f,1.5625f,-0.13052619222005168f,0f,-0.9914448613738104f,0.4671875f,0f,0f,0f,1f], start_interpolation: 0, interpolation_duration: 1 }
$data merge entity $(bone_buttons) { transformation: [-0.9866417350436175f,0.00005160481128931329f,0.16290513806219742f,0.03473436681506192f,0.02141015467746432f,0.9913668624834346f,0.1293574475878286f,0.9947291663813735f,-0.16149208013647975f,0.13111728073253434f,-0.9781250261323952f,0.42159950120357514f,0f,0f,0f,1f], start_interpolation: 0, interpolation_duration: 1 }
$data merge entity $(bone_scarf) { transformation: [-0.9866417350436175f,0.00005160481128931329f,0.16290513806219742f,0.28182114951842485f,0.02141015467746432f,0.9913668624834346f,0.1293574475878286f,0.7302301447461353f,-0.16149208013647975f,0.13111728073253434f,-0.9781250261323952f,0.03799494978727247f,0f,0f,0f,1f], start_interpolation: 0, interpolation_duration: 1 }
$data merge entity $(bone_body) { transformation: [-0.9866417350436175f,0.00005160481128931329f,0.16290513806219742f,-0.828125f,0.02141015467746432f,0.9913668624834346f,0.1293574475878286f,1.25f,-0.16149208013647975f,0.13111728073253434f,-0.9781250261323952f,-0.07812500000000007f,0f,0f,0f,1f], start_interpolation: 0, interpolation_duration: 1 }
$data merge entity $(bone_snowball) { transformation: [-0.4957222824154519f,-0.06526422171462296f,0.000008988854685034109f,-0.746875f,0.005713483778400207f,-0.04332885491423133f,0.4980863042033333f,1.1875f,-0.06501365102752599f,0.4938250618344578f,0.04370392984921423f,-0.04062500000000006f,0f,0f,0f,1f], start_interpolation: 0, interpolation_duration: 1 }
$data merge entity $(bone_leftarm) { transformation: [-0.9914442112557393f,0.000026420316311956335f,0.13053112758821908f,0.046875f,0.017112509365645883f,0.9913955605472379f,0.12977674888221982f,0f,-0.12940455166143008f,0.1309001215782283f,-0.982913841687108f,-0.06249999999999999f,0f,0f,0f,1f], start_interpolation: 0, interpolation_duration: 1 }
$data merge entity $(bone_rightarm) { transformation: [-0.9914442112557393f,0.000026420316311956335f,0.13053112758821908f,-0.828125f,0.017112509365645883f,0.9913955605472379f,0.12977674888221982f,1.25f,-0.12940455166143008f,0.1309001215782283f,-0.982913841687108f,-0.07812500000000007f,0f,0f,0f,1f], start_interpolation: 0, interpolation_duration: 1 }