# This file was generated by Animated Java via MC-Build. It is not recommended to edit this file directly.
$data merge entity $(bone_carrot) { transformation: [-0.984807753012208f,0f,0.17364817766693044f,0.0046313208797091054f,0f,1f,0f,1.375f,-0.17364817766693044f,0f,-0.984807753012208f,0.5086894138985704f,0f,0f,0f,1f], start_interpolation: 0, interpolation_duration: 1 }
$data merge entity $(bone_face) { transformation: [-0.984807753012208f,0f,0.17364817766693044f,0.0046313208797091054f,0f,1f,0f,1.375f,-0.17364817766693044f,0f,-0.984807753012208f,0.5086894138985704f,0f,0f,0f,1f], start_interpolation: 0, interpolation_duration: 1 }
$data merge entity $(bone_hat) { transformation: [-0.984807753012208f,0f,0.17364817766693044f,-0.0026541081626381136f,0f,1f,0f,1.81875f,-0.17364817766693044f,0f,-0.984807753012208f,0.19008397997807225f,0f,0f,0f,1f], start_interpolation: 0, interpolation_duration: 1 }
$data merge entity $(bone_head) { transformation: [-0.984807753012208f,0f,0.17364817766693044f,0.13749999999999996f,0f,1f,0f,1.5625f,-0.17364817766693044f,0f,-0.984807753012208f,0.475f,0f,0f,0f,1f], start_interpolation: 0, interpolation_duration: 1 }
$data merge entity $(bone_buttons) { transformation: [-0.9762960234974438f,-5.1904422022933525e-8f,0.2164395400639081f,0.020259957111567806f,0.02825098529903703f,0.9914448574023322f,0.12743224301605396f,0.9890352478693449f,-0.21458787554918468f,0.13052622238640918f,-0.9679436703325361f,0.4207309909441882f,0f,0f,0f,1f], start_interpolation: 0, interpolation_duration: 1 }
$data merge entity $(bone_scarf) { transformation: [-0.9762960234974438f,-5.1904422022933525e-8f,0.2164395400639081f,0.2858330523868353f,0.02825098529903703f,0.9914448574023322f,0.12743224301605396f,0.7224952128374172f,-0.21458787554918468f,0.13052622238640918f,-0.9679436703325361f,0.05114824879962804f,0f,0f,0f,1f], start_interpolation: 0, interpolation_duration: 1 }
$data merge entity $(bone_body) { transformation: [-0.9762960234974438f,-5.1904422022933525e-8f,0.2164395400639081f,-0.8125f,0.02825098529903703f,0.9914448574023322f,0.12743224301605396f,1.25f,-0.21458787554918468f,0.13052622238640918f,-0.9679436703325361f,-0.1250000000000001f,0f,0f,0f,1f], start_interpolation: 0, interpolation_duration: 1 }
$data merge entity $(bone_snowball) { transformation: [-0.49240387324118756f,-0.08682410734971974f,2.906780785676753e-8f,-0.73125f,0.007567243552989121f,-0.042915794591986245f,0.49809735132757743f,1.1875f,-0.08649371330961717f,0.4905301305296778f,0.04357784529380693f,-0.08750000000000008f,0f,0f,0f,1f], start_interpolation: 0, interpolation_duration: 1 }
$data merge entity $(bone_leftarm) { transformation: [-0.9848077535288207f,7.440132351666199e-8f,0.17364817473705893f,0.06250000000000001f,0.022665701065877834f,0.9914448663872457f,0.12854315582546127f,0f,-0.17216258183679153f,0.13052615413920315f,-0.9763825933008633f,-0.06249999999999999f,0f,0f,0f,1f], start_interpolation: 0, interpolation_duration: 1 }
$data merge entity $(bone_rightarm) { transformation: [-0.9848077535288207f,7.440132351666199e-8f,0.17364817473705893f,-0.8125f,0.022665701065877834f,0.9914448663872457f,0.12854315582546127f,1.25f,-0.17216258183679153f,0.13052615413920315f,-0.9763825933008633f,-0.1250000000000001f,0f,0f,0f,1f], start_interpolation: 0, interpolation_duration: 1 }