# This file was generated by Animated Java via MC-Build. It is not recommended to edit this file directly.
$data merge entity $(bone_carrot) { transformation: [-0.9713420698132614f,0f,-0.23768589232617296f,0.2357020727166895f,0f,1f,0f,1.375f,0.23768589232617296f,0f,-0.9713420698132614f,0.37184872796776763f,0f,0f,0f,1f], start_interpolation: 0, interpolation_duration: 1 }
$data merge entity $(bone_face) { transformation: [-0.9713420698132614f,0f,-0.23768589232617296f,0.2357020727166895f,0f,1f,0f,1.375f,0.23768589232617296f,0f,-0.9713420698132614f,0.37184872796776763f,0f,0f,0f,1f], start_interpolation: 0, interpolation_duration: 1 }
$data merge entity $(bone_hat) { transformation: [-0.9713420698132614f,0f,-0.23768589232617296f,0.10071635200143159f,0f,1f,0f,1.81875f,0.23768589232617296f,0f,-0.9713420698132614f,0.08315969942150925f,0f,0f,0f,1f], start_interpolation: 0, interpolation_duration: 1 }
$data merge entity $(bone_head) { transformation: [-0.9713420698132614f,0f,-0.23768589232617296f,0.34374999999999994f,0f,1f,0f,1.5625f,0.23768589232617296f,0f,-0.9713420698132614f,0.28750000000000003f,0f,0f,0f,1f], start_interpolation: 0, interpolation_duration: 1 }
$data merge entity $(bone_buttons) { transformation: [-0.9807067116260556f,-0.0025570716345690893f,-0.19546817427976423f,0.21316423452506894f,-0.030516347960659475f,0.9896583881978239f,0.1401607190935792f,1.0083618542715993f,0.1930883173026078f,0.1434215327429635f,-0.9706426560103911f,0.380895677743461f,0f,0f,0f,1f], start_interpolation: 0, interpolation_duration: 1 }
$data merge entity $(bone_scarf) { transformation: [-0.9807067116260556f,-0.0025570716345690893f,-0.19546817427976423f,0.3233235863965973f,-0.030516347960659475f,0.9896583881978239f,0.1401607190935792f,0.75825169735683f,0.1930883173026078f,0.1434215327429635f,-0.9706426560103911f,-0.0701851233369156f,0f,0f,0f,1f], start_interpolation: 0, interpolation_duration: 1 }
$data merge entity $(bone_body) { transformation: [-0.9807067116260556f,-0.0025570716345690893f,-0.19546817427976423f,-0.78125f,-0.030516347960659475f,0.9896583881978239f,0.1401607190935792f,1.21875f,0.1930883173026078f,0.1434215327429635f,-0.9706426560103911f,0.21874999999999992f,0f,0f,0f,1f], start_interpolation: 0, interpolation_duration: 1 }
$data merge entity $(bone_snowball) { transformation: [-0.4527483804451082f,0.21209303628708648f,-0.005953819182355095f,-0.73125f,-0.030484253374309073f,-0.05113776839461148f,0.4964429865954699f,1.1875f,0.20997527068810384f,0.4498905117938625f,0.059236079354678894f,0.22499999999999992f,0f,0f,0f,1f], start_interpolation: 0, interpolation_duration: 1 }
$data merge entity $(bone_snowball2) { transformation: [-0.49807223543720186f,-0.04263945984697803f,-0.010291975055668886f,0.70625f,-0.006289068033492745f,-0.04668648938999587f,0.4977758725889675f,1.1875f,-0.04341078103258063f,0.4959861370768298f,0.04597016334260284f,0.03750000000000008f,0f,0f,0f,1f], start_interpolation: 0, interpolation_duration: 1 }
$data merge entity $(bone_leftarm) { transformation: [-0.9902674602847777f,0.000021594382055315573f,0.13917742861117519f,3.061616997868383e-17f,0.018231927757288074f,0.9914027833507533f,0.1295689699528108f,0f,-0.13797809214288018f,0.13084540763076868f,-0.9817543100952238f,-0.25f,0f,0f,0f,1f], start_interpolation: 0, interpolation_duration: 1 }
$data merge entity $(bone_rightarm) { transformation: [-0.971221203010995f,-0.0031545435306993244f,-0.23815840039139582f,-0.875f,-0.03731912801586695f,0.9895774741951766f,0.13908164957905106f,1.25f,0.23523744919976244f,0.14396691085318025f,-0.9612163497742751f,0.2499999999999999f,0f,0f,0f,1f], start_interpolation: 0, interpolation_duration: 1 }