# This file was generated by Animated Java via MC-Build. It is not recommended to edit this file directly.
$data merge entity $(bone_carrot) { transformation: [-0.7933533402912353f,0f,-0.6087614290087205f,0.21632366284533613f,0f,1f,0f,1.375f,0.6087614290087205f,0f,-0.7933533402912353f,0.2832213040174721f,0f,0f,0f,1f], start_interpolation: 0, interpolation_duration: 1 }
$data merge entity $(bone_face) { transformation: [-0.7933533402912353f,0f,-0.6087614290087205f,0.21632366284533613f,0f,1f,0f,1.375f,0.6087614290087205f,0f,-0.7933533402912353f,0.2832213040174721f,0f,0f,0f,1f], start_interpolation: 0, interpolation_duration: 1 }
$data merge entity $(bone_hat) { transformation: [-0.7933533402912353f,0f,-0.6087614290087205f,-0.02349886748809127f,0f,1f,0f,1.81875f,0.6087614290087205f,0f,-0.7933533402912353f,0.07334597448950608f,0f,0f,0f,1f], start_interpolation: 0, interpolation_duration: 1 }
$data merge entity $(bone_head) { transformation: [-0.7933533402912353f,0f,-0.6087614290087205f,0.28125f,0f,1f,0f,1.5625f,0.6087614290087205f,0f,-0.7933533402912353f,0.1625f,0f,0f,0f,1f], start_interpolation: 0, interpolation_duration: 1 }
$data merge entity $(bone_buttons) { transformation: [-0.819152066690838f,1.1473883991320002e-7f,-0.5735764043578814f,0.2366310451705702f,-0.07486669095854659f,0.9914448521616689f,0.10692092268140943f,1.031028011221037f,0.5686693856900039f,0.13052626219314367f,-0.8121440910681061f,0.3145287114741222f,0f,0f,0f,1f], start_interpolation: 0, interpolation_duration: 1 }
$data merge entity $(bone_scarf) { transformation: [-0.819152066690838f,1.1473883991320002e-7f,-0.5735764043578814f,0.17154601765777255f,-0.07486669095854659f,0.9914448521616689f,0.10692092268140943f,0.7760026012475305f,0.5686693856900039f,0.13052626219314367f,-0.8121440910681061f,-0.14251618999782634f,0f,0f,0f,1f], start_interpolation: 0, interpolation_duration: 1 }
$data merge entity $(bone_body) { transformation: [-0.819152066690838f,1.1473883991320002e-7f,-0.5735764043578814f,-0.7500000000000001f,-0.07486669095854659f,0.9914448521616689f,0.10692092268140943f,1.1875f,0.5686693856900039f,0.13052626219314367f,-0.8121440910681061f,0.5624999999999999f,0f,0f,0f,1f], start_interpolation: 0, interpolation_duration: 1 }
$data merge entity $(bone_snowball) { transformation: [-0.25000002544228167f,0.4330126872031091f,2.9271163237912877e-8f,-0.6062500000000001f,-0.03773955037148624f,-0.02178897619347353f,0.49809734676486506f,1.1875f,0.4313649424983636f,0.2490486965185374f,0.043577897445847946f,0.6624999999999999f,0f,0f,0f,1f], start_interpolation: 0, interpolation_duration: 1 }
$data merge entity $(bone_snowball2) { transformation: [-0.49958757995059855f,0.0019509352677721228f,-0.02020999284228583f,0.70625f,-0.02030393949715871f,-0.04800364132305324f,0.49727598017662533f,1.1875f,-6.118183306802729e-17f,0.4976864919518197f,0.048043269338080785f,-0.08749999999999991f,0f,0f,0f,1f], start_interpolation: 0, interpolation_duration: 1 }
$data merge entity $(bone_leftarm) { transformation: [-0.9945212862473538f,0.00003811576273088065f,0.10453425155468223f,-0.12499999999999996f,0.013732005314630726f,0.9913818136891506f,0.1302825065634265f,0f,-0.10362839008181061f,0.1310041909008981f,-0.985950839918225f,-0.375f,0f,0f,0f,1f], start_interpolation: 0, interpolation_duration: 1 }
$data merge entity $(bone_rightarm) { transformation: [-0.7933533024348469f,-2.623251288624603e-8f,-0.6087614783441226f,-0.7500000000000001f,-0.07945933606493821f,0.991444861872766f,0.10355336681253324f,1.25f,0.6035534370938844f,0.13052618843010458f,-0.7865660574332376f,0.6874999999999999f,0f,0f,0f,1f], start_interpolation: 0, interpolation_duration: 1 }