# This file was generated by Animated Java via MC-Build. It is not recommended to edit this file directly.
$data merge entity $(bone_carrot) { transformation: [-0.9948217482960331f,0f,-0.10163507818280161f,0.12198925461077832f,0f,1f,0f,1.375f,0.10163507818280161f,0f,-0.9948217482960331f,0.4499131081145022f,0f,0f,0f,1f], start_interpolation: 0, interpolation_duration: 1 }
$data merge entity $(bone_face) { transformation: [-0.9948217482960331f,0f,-0.10163507818280161f,0.12198925461077832f,0f,1f,0f,1.375f,0.10163507818280161f,0f,-0.9948217482960331f,0.4499131081145022f,0f,0f,0f,1f], start_interpolation: 0, interpolation_duration: 1 }
$data merge entity $(bone_hat) { transformation: [-0.9948217482960331f,0f,-0.10163507818280161f,0.028051933410150748f,0f,1f,0f,1.81875f,0.10163507818280161f,0f,-0.9948217482960331f,0.14538350415841692f,0f,0f,0f,1f], start_interpolation: 0, interpolation_duration: 1 }
$data merge entity $(bone_head) { transformation: [-0.9948217482960331f,0f,-0.10163507818280161f,0.24062499999999987f,0f,1f,0f,1.5625f,0.10163507818280161f,0f,-0.9948217482960331f,0.3812500000000001f,0f,0f,0f,1f], start_interpolation: 0, interpolation_duration: 1 }
$data merge entity $(bone_buttons) { transformation: [-0.9982888031462641f,-0.0028295418361668446f,-0.058407698172389694f,0.16702756030546073f,-0.011076294397239932f,0.9898965971016012f,0.14135785351049976f,1.000052399056651f,0.057417603705007265f,0.14176290325634425f,-0.9882340299975038f,0.40052134276920587f,0f,0f,0f,1f], start_interpolation: 0, interpolation_duration: 1 }
$data merge entity $(bone_scarf) { transformation: [-0.9982888031462641f,-0.0028295418361668446f,-0.058407698172389694f,0.33282300779096385f,-0.011076294397239932f,0.9898965971016012f,0.14135785351049976f,0.746679199312761f,0.057417603705007265f,0.14176290325634425f,-0.9882340299975038f,-0.03130958912963881f,0f,0f,0f,1f], start_interpolation: 0, interpolation_duration: 1 }
$data merge entity $(bone_body) { transformation: [-0.9982888031462641f,-0.0028295418361668446f,-0.058407698172389694f,-0.7916666666666666f,-0.011076294397239932f,0.9898965971016012f,0.14135785351049976f,1.2291666666666667f,0.057417603705007265f,0.14176290325634425f,-0.9882340299975038f,0.10416666666666648f,0f,0f,0f,1f], start_interpolation: 0, interpolation_duration: 1 }
$data merge entity $(bone_snowball) { transformation: [-0.48633856611238546f,0.11590560831361721f,-0.006378798726972716f,-0.73125f,-0.019316721668894442f,-0.053715439950445365f,0.4967308282912352f,1.1875f,0.11446249768249575f,0.48340515250913546f,0.05672561283850719f,0.06874999999999984f,0f,0f,0f,1f], start_interpolation: 0, interpolation_duration: 1 }
$data merge entity $(bone_leftarm) { transformation: [-0.9894410783580844f,0.000018197819828167798f,0.1449356827231672f,0.031250000000000035f,0.018975925243304693f,0.9914083319780373f,0.12941960263300997f,0f,-0.1436880882980623f,0.1308033598703223f,-0.9809404744060076f,-0.15624999999999994f,0f,0f,0f,1f], start_interpolation: 0, interpolation_duration: 1 }
$data merge entity $(bone_rightarm) { transformation: [-0.9947807111223866f,-0.0033924370633704173f,-0.10197954770251613f,-0.84375f,-0.01784191923345308f,0.9898324088288813f,0.14111508902339703f,1.25f,0.10046393729545758f,0.14219807946236618f,-0.9847267151348688f,0.062499999999999785f,0f,0f,0f,1f], start_interpolation: 0, interpolation_duration: 1 }