# This file was generated by Animated Java via MC-Build. It is not recommended to edit this file directly.
$data merge entity $(bone_carrot) { transformation: [-0.9293475242268224f,0f,-0.36920614731268436f,0.24834940525798566f,0f,1f,0f,1.375f,0.36920614731268436f,0f,-0.9293475242268224f,0.3859265666518443f,0f,0f,0f,1f], start_interpolation: 0, interpolation_duration: 1 }
$data merge entity $(bone_face) { transformation: [-0.9293475242268224f,0f,-0.36920614731268436f,0.24834940525798566f,0f,1f,0f,1.375f,0.36920614731268436f,0f,-0.9293475242268224f,0.3859265666518443f,0f,0f,0f,1f], start_interpolation: 0, interpolation_duration: 1 }
$data merge entity $(bone_hat) { transformation: [-0.9293475242268224f,0f,-0.36920614731268436f,0.07488826395859538f,0f,1f,0f,1.81875f,0.36920614731268436f,0f,-0.9293475242268224f,0.11858084953800513f,0f,0f,0f,1f], start_interpolation: 0, interpolation_duration: 1 }
$data merge entity $(bone_head) { transformation: [-0.9293475242268224f,0f,-0.36920614731268436f,0.34374999999999994f,0f,1f,0f,1.5625f,0.36920614731268436f,0f,-0.9293475242268224f,0.28750000000000003f,0f,0f,0f,1f], start_interpolation: 0, interpolation_duration: 1 }
$data merge entity $(bone_buttons) { transformation: [-0.944427846252937f,-0.0016949778343031512f,-0.32871442054187416f,0.24020795370431636f,-0.04831981433334904f,0.9898400065598113f,0.1337234345822127f,1.0170560986064148f,0.3251480259279296f,0.14217555508530244f,-0.9349143665445283f,0.3582852446925065f,0f,0f,0f,1f], start_interpolation: 0, interpolation_duration: 1 }
$data merge entity $(bone_scarf) { transformation: [-0.944427846252937f,-0.0016949778343031512f,-0.32871442054187416f,0.2924954826183722f,-0.04831981433334904f,0.9898400065598113f,0.1337234345822127f,0.7677731211784453f,0.3251480259279296f,0.14217555508530244f,-0.9349143665445283f,-0.10354597337823873f,0f,0f,0f,1f], start_interpolation: 0, interpolation_duration: 1 }
$data merge entity $(bone_body) { transformation: [-0.944427846252937f,-0.0016949778343031512f,-0.32871442054187416f,-0.7708333333333334f,-0.04831981433334904f,0.9898400065598113f,0.1337234345822127f,1.2083333333333333f,0.3251480259279296f,0.14217555508530244f,-0.9349143665445283f,0.33333333333333326f,0f,0f,0f,1f], start_interpolation: 0, interpolation_duration: 1 }
$data merge entity $(bone_snowball) { transformation: [-0.4004910050969618f,0.29931614007155877f,-0.004099161998302299f,-0.73125f,-0.038065482886129154f,-0.04413150994283621f,0.4965918131048991f,1.1875f,0.29691408496241994f,0.39807318186839497f,0.05813577236177836f,0.22499999999999992f,0f,0f,0f,1f], start_interpolation: 0, interpolation_duration: 1 }
$data merge entity $(bone_leftarm) { transformation: [-0.9932377051614072f,0.00003352245401764968f,0.11609849233278896f,3.061616997868383e-17f,0.015238318338819674f,0.9913864567283958f,0.13007954131884683f,0f,-0.11509411235986997f,0.13096905089280395f,-0.9846829200348363f,-0.25f,0f,0f,0f,1f], start_interpolation: 0, interpolation_duration: 1 }
$data merge entity $(bone_rightarm) { transformation: [-0.9291538319994903f,-0.002189301051586913f,-0.36968684510213295f,-0.875f,-0.05477049633173775f,0.9897625722637793f,0.1317962187521413f,1.25f,0.36561366114005917f,0.14270689369015324f,-0.9197615958937779f,0.2499999999999999f,0f,0f,0f,1f], start_interpolation: 0, interpolation_duration: 1 }