# This file was generated by Animated Java via MC-Build. It is not recommended to edit this file directly.
$data merge entity $(bone_carrot) { transformation: [-1f,-3.169619151431765e-17f,1.1829179713786698e-16f,0.062499999999999944f,0f,0.9659258262890683f,0.25881904510252074f,1.3043303362837828f,-1.2246467991473532e-16f,0.25881904510252074f,-0.9659258262890683f,0.44955475677203743f,0f,0f,0f,1f], start_interpolation: 0, interpolation_duration: 1 }
$data merge entity $(bone_face) { transformation: [-1f,-3.169619151431765e-17f,1.1829179713786698e-16f,0.062499999999999944f,0f,0.9659258262890683f,0.25881904510252074f,1.3043303362837828f,-1.2246467991473532e-16f,0.25881904510252074f,-0.9659258262890683f,0.44955475677203743f,0f,0f,0f,1f], start_interpolation: 0, interpolation_duration: 1 }
$data merge entity $(bone_hat) { transformation: [-1f,-3.682583948479538e-17f,1.1679664110263902e-16f,-2.7755575615628914e-17f,0f,0.9537169507482269f,0.3007057995042731f,1.8379890189513215f,-1.2246467991473532e-16f,0.3007057995042731f,-0.9537169507482269f,0.2690243634485102f,0f,0f,0f,1f], start_interpolation: 0, interpolation_duration: 1 }
$data merge entity $(bone_head) { transformation: [-1f,-3.169619151431765e-17f,1.1829179713786698e-16f,0.18749999999999994f,0f,0.9659258262890683f,0.25881904510252074f,1.5f,-1.2246467991473532e-16f,0.25881904510252074f,-0.9659258262890683f,0.44375f,0f,0f,0f,1f], start_interpolation: 0, interpolation_duration: 1 }
$data merge entity $(bone_buttons) { transformation: [-1f,-1.0673500138322974e-17f,1.2199866483456202e-16f,0.0625f,0f,0.9961946980917455f,0.08715574274765818f,1.029985367185253f,-1.2246467991473532e-16f,0.08715574274765818f,-0.9961946980917455f,0.42595752688229205f,0f,0f,0f,1f], start_interpolation: 0, interpolation_duration: 1 }
$data merge entity $(bone_scarf) { transformation: [-1f,-1.0673500138322974e-17f,1.2199866483456202e-16f,0.25f,0f,0.9961946980917455f,0.08715574274765818f,0.7519026509541272f,-1.2246467991473532e-16f,0.08715574274765818f,-0.9961946980917455f,0.018922128626170945f,0f,0f,0f,1f], start_interpolation: 0, interpolation_duration: 1 }
$data merge entity $(bone_body) { transformation: [-1f,-1.0673500138322974e-17f,1.2199866483456202e-16f,-0.875f,0f,0.9961946980917455f,0.08715574274765818f,1.25f,-1.2246467991473532e-16f,0.08715574274765818f,-0.9961946980917455f,0.062499999999999896f,0f,0f,0f,1f], start_interpolation: 0, interpolation_duration: 1 }
$data merge entity $(bone_leftarm) { transformation: [-1f,-1.0673500138322974e-17f,1.2199866483456202e-16f,-0.0546875f,0f,0.9961946980917455f,0.08715574274765818f,0.0390625f,-1.2246467991473532e-16f,0.08715574274765818f,-0.9961946980917455f,-6.697287182837088e-18f,0f,0f,0f,1f], start_interpolation: 0, interpolation_duration: 1 }
$data merge entity $(bone_rightarm) { transformation: [-1f,-1.0673500138322974e-17f,1.2199866483456202e-16f,-0.875f,0f,0.9961946980917455f,0.08715574274765818f,1.25f,-1.2246467991473532e-16f,0.08715574274765818f,-0.9961946980917455f,0.062499999999999896f,0f,0f,0f,1f], start_interpolation: 0, interpolation_duration: 1 }