# This file was generated by Animated Java via MC-Build. It is not recommended to edit this file directly.
$data merge entity $(bone_carrot) { transformation: [-1f,1.1829179713786698e-16f,3.169619151431765e-17f,0.06250000000000003f,0f,0.25881904510252074f,-0.9659258262890683f,0.5370547567720375f,-1.2246467991473532e-16f,-0.9659258262890683f,-0.25881904510252074f,-0.36058033628378294f,0f,0f,0f,1f], start_interpolation: 0, interpolation_duration: 1 }
$data merge entity $(bone_face) { transformation: [-1f,1.1829179713786698e-16f,3.169619151431765e-17f,0.06250000000000003f,0f,0.25881904510252074f,-0.9659258262890683f,0.5370547567720375f,-1.2246467991473532e-16f,-0.9659258262890683f,-0.25881904510252074f,-0.36058033628378294f,0f,0f,0f,1f], start_interpolation: 0, interpolation_duration: 1 }
$data merge entity $(bone_hat) { transformation: [-1f,-1.9509464606108086e-17f,-1.2090069734042727e-16f,1.1102230246251565e-16f,0f,-0.9872291131173742f,0.1593068680675223f,0.7676415056198942f,-1.2246467991473532e-16f,0.1593068680675223f,0.9872291131173742f,-1.0601541608212637f,0f,0f,0f,1f], start_interpolation: 0, interpolation_duration: 1 }
$data merge entity $(bone_head) { transformation: [-1f,1.1829179713786698e-16f,3.169619151431765e-17f,0.18750000000000006f,0f,0.25881904510252074f,-0.9659258262890683f,0.53125f,-1.2246467991473532e-16f,-0.9659258262890683f,-0.25881904510252074f,-0.55625f,0f,0f,0f,1f], start_interpolation: 0, interpolation_duration: 1 }
$data merge entity $(bone_buttons) { transformation: [-0.9238795607930645f,0.11507511093052893f,0.36497160984539684f,0.14291507869046638f,-0.31347585105553033f,0.31945610171135097f,-0.8942486734037676f,-0.050082101971132276f,-0.2194981730079435f,-0.9405878576314461f,-0.25906569460749035f,-0.7065914434300511f,0f,0f,0f,1f], start_interpolation: 0, interpolation_duration: 1 }
$data merge entity $(bone_scarf) { transformation: [-0.9238795607930645f,0.11507511093052893f,0.36497160984539684f,0.41932695042693324f,-0.31347585105553033f,0.31945610171135097f,-0.8942486734037676f,-0.43206771841820385f,-0.2194981730079435f,-0.9405878576314461f,-0.25906569460749035f,-0.47027062655034046f,0f,0f,0f,1f], start_interpolation: 0, interpolation_duration: 1 }
$data merge entity $(bone_body) { transformation: [-0.9238795607930645f,0.11507511093052893f,0.36497160984539684f,-0.5624999999999999f,-0.31347585105553033f,0.31945610171135097f,-0.8942486734037676f,-0.625f,-0.2194981730079435f,-0.9405878576314461f,-0.25906569460749035f,-1.1875f,0f,0f,0f,1f], start_interpolation: 0, interpolation_duration: 1 }
$data merge entity $(bone_bottom) { transformation: [-1f,1.0031719290535245e-21f,7.024285468436545e-22f,0.18750000000000003f,0f,0.000005735764363510463f,-0.000008191520442889917f,-0.6875f,-1.2246467991473532e-16f,-0.000008191520442889917f,-0.000005735764363510463f,-0.3125f,0f,0f,0f,1f], start_interpolation: 0, interpolation_duration: 1 }
$data merge entity $(bone_leftarm) { transformation: [-0.5735764363510463f,0.8191520442889917f,1.2246467991473532e-16f,-0.4375f,0.8191520442889917f,0.5735764363510463f,0f,-0.2291666666666664f,-7.024285468436544e-17f,1.0031719290535246e-16f,-1f,-5.35782974626967e-17f,0f,0f,0f,1f], start_interpolation: 0, interpolation_duration: 1 }
$data merge entity $(bone_rightarm) { transformation: [-0.7660444431189781f,0.6427876096865394f,1.2246467991473532e-16f,-0.875f,0.6427876096865394f,0.7660444431189781f,0f,-0.007812499999999778f,-9.381338752702732e-17f,7.871877887341986e-17f,-1f,-1.071565949253934e-16f,0f,0f,0f,1f], start_interpolation: 0, interpolation_duration: 1 }