# This file was generated by Animated Java via MC-Build. It is not recommended to edit this file directly.
$data merge entity $(bone_carrot) { transformation: [-1f,1.2060416625018976e-16f,2.1265768495757738e-17f,0.06250000000000003f,0f,0.17364817766693053f,-0.9848077530122079f,0.47596140279438726f,-1.2246467991473532e-16f,-0.9848077530122079f,-0.17364817766693053f,-0.36183083631644625f,0f,0f,0f,1f], start_interpolation: 0, interpolation_duration: 1 }
$data merge entity $(bone_face) { transformation: [-1f,1.2060416625018976e-16f,2.1265768495757738e-17f,0.06250000000000003f,0f,0.17364817766693053f,-0.9848077530122079f,0.47596140279438726f,-1.2246467991473532e-16f,-0.9848077530122079f,-0.17364817766693053f,-0.36183083631644625f,0f,0f,0f,1f], start_interpolation: 0, interpolation_duration: 1 }
$data merge entity $(bone_hat) { transformation: [-1f,-9.029043306084028e-17f,-8.273593852918146e-17f,1.3877787807814457e-16f,0f,-0.6755902076156607f,0.7372773368101235f,0.6181358482591867f,-1.2246467991473532e-16f,0.7372773368101235f,0.6755902076156607f,-1.1681421840951915f,0f,0f,0f,1f], start_interpolation: 0, interpolation_duration: 1 }
$data merge entity $(bone_head) { transformation: [-1f,1.2060416625018976e-16f,2.1265768495757738e-17f,0.18750000000000006f,0f,0.17364817766693053f,-0.9848077530122079f,0.453125f,-1.2246467991473532e-16f,-0.9848077530122079f,-0.17364817766693053f,-0.55625f,0f,0f,0f,1f], start_interpolation: 0, interpolation_duration: 1 }
$data merge entity $(bone_buttons) { transformation: [-0.9238795607930645f,0.0000011507511093052894f,0.0000036497160984539687f,0.30363548102340254f,-0.31347585105553033f,0.00000319456101711351f,-0.000008942486734037676f,-0.2061135792925637f,-0.2194981730079435f,-0.000009405878576314462f,-0.000002590656946074904f,-0.9817177115148592f,0f,0f,0f,1f], start_interpolation: 0, interpolation_duration: 1 }
$data merge entity $(bone_scarf) { transformation: [-0.9238795607930645f,0.0000011507511093052894f,0.0000036497160984539687f,0.476863930516643f,-0.31347585105553033f,0.00000319456101711351f,-0.000008942486734037676f,-0.14734126484303695f,-0.2194981730079435f,-0.000009405878576314462f,-0.000002590656946074904f,-0.9405598524267754f,0f,0f,0f,1f], start_interpolation: 0, interpolation_duration: 1 }
$data merge entity $(bone_body) { transformation: [-0.9238795607930645f,0.0000011507511093052894f,0.0000036497160984539687f,-0.5624999999999999f,-0.31347585105553033f,0.00000319456101711351f,-0.000008942486734037676f,-0.5f,-0.2194981730079435f,-0.000009405878576314462f,-0.000002590656946074904f,-1.1875f,0f,0f,0f,1f], start_interpolation: 0, interpolation_duration: 1 }
$data merge entity $(bone_leftarm) { transformation: [-0.5735764363510463f,0.8191520442889917f,1.2246467991473532e-16f,-0.4375f,0.8191520442889917f,0.5735764363510463f,0f,-0.5f,-7.024285468436544e-17f,1.0031719290535246e-16f,-1f,-5.35782974626967e-17f,0f,0f,0f,1f], start_interpolation: 0, interpolation_duration: 1 }
$data merge entity $(bone_rightarm) { transformation: [-0.7660444431189781f,0.6427876096865394f,1.2246467991473532e-16f,-0.875f,0.6427876096865394f,0.7660444431189781f,0f,-0.1875f,-9.381338752702732e-17f,7.871877887341986e-17f,-1f,-1.071565949253934e-16f,0f,0f,0f,1f], start_interpolation: 0, interpolation_duration: 1 }