# This file was generated by Animated Java via MC-Build. It is not recommended to edit this file directly.
$data merge entity $(bone_carrot) { transformation: [-1f,1.5984848350717827e-17f,1.2141697760125282e-16f,0.06249999999999997f,0f,0.9914448613738104f,-0.13052619222005155f,1.4464461868047884f,-1.2246467991473532e-16f,-0.13052619222005155f,-0.9914448613738104f,0.21149243449353655f,0f,0f,0f,1f], start_interpolation: 0, interpolation_duration: 1 }
$data merge entity $(bone_face) { transformation: [-1f,1.5984848350717827e-17f,1.2141697760125282e-16f,0.06249999999999997f,0f,0.9914448613738104f,-0.13052619222005155f,1.4464461868047884f,-1.2246467991473532e-16f,-0.13052619222005155f,-0.9914448613738104f,0.21149243449353655f,0f,0f,0f,1f], start_interpolation: 0, interpolation_duration: 1 }
$data merge entity $(bone_hat) { transformation: [-1f,-3.0814879110195774e-33f,1.2246467991473532e-16f,0f,0f,1f,2.7755575615628914e-17f,1.9199687735736866f,-1.2246467991473532e-16f,2.7755575615628914e-17f,-1f,-0.1660445468999309f,0f,0f,0f,1f], start_interpolation: 0, interpolation_duration: 1 }
$data merge entity $(bone_head) { transformation: [-1f,1.5984848350717827e-17f,1.2141697760125282e-16f,0.18749999999999997f,0f,0.9914448613738104f,-0.13052619222005155f,1.625f,-1.2246467991473532e-16f,-0.13052619222005155f,-0.9914448613738104f,0.13125000000000006f,0f,0f,0f,1f], start_interpolation: 0, interpolation_duration: 1 }
$data merge entity $(bone_buttons) { transformation: [-1f,1.0673500138322972e-17f,1.2199866483456202e-16f,0.0625f,0f,0.9961946980917455f,-0.08715574274765817f,1.0964416210303423f,-1.2246467991473532e-16f,-0.08715574274765817f,-0.9961946980917455f,0.27114093041266385f,0f,0f,0f,1f], start_interpolation: 0, interpolation_duration: 1 }
$data merge entity $(bone_scarf) { transformation: [-1f,1.0673500138322972e-17f,1.2199866483456202e-16f,0.25f,0f,0.9961946980917455f,-0.08715574274765817f,0.7519026509541272f,-1.2246467991473532e-16f,-0.08715574274765817f,-0.9961946980917455f,-0.08142212862617086f,0f,0f,0f,1f], start_interpolation: 0, interpolation_duration: 1 }
$data merge entity $(bone_body) { transformation: [-1f,1.0673500138322972e-17f,1.2199866483456202e-16f,-0.875f,0f,0.9961946980917455f,-0.08715574274765817f,1.25f,-1.2246467991473532e-16f,-0.08715574274765817f,-0.9961946980917455f,-0.12500000000000008f,0f,0f,0f,1f], start_interpolation: 0, interpolation_duration: 1 }
$data merge entity $(bone_bottom) { transformation: [-1f,3.426917063416141e-17f,1.17572198119561e-16f,0.18750000000000003f,0f,0.9600498543859287f,-0.2798290140309919f,0.28125f,-1.2246467991473532e-16f,-0.2798290140309919f,-0.9600498543859287f,-0.3125f,0f,0f,0f,1f], start_interpolation: 0, interpolation_duration: 1 }
$data merge entity $(bone_leftarm) { transformation: [-1f,0f,1.2246467991473532e-16f,-0.16406249999999997f,0f,1f,0f,0.11718749999999999f,-1.2246467991473532e-16f,0f,-1f,-2.009186154851126e-17f,0f,0f,0f,1f], start_interpolation: 0, interpolation_duration: 1 }
$data merge entity $(bone_rightarm) { transformation: [-1f,0f,1.2246467991473532e-16f,-0.875f,0f,1f,0f,1.25f,-1.2246467991473532e-16f,0f,-1f,-1.071565949253934e-16f,0f,0f,0f,1f], start_interpolation: 0, interpolation_duration: 1 }