# This file was generated by Animated Java via MC-Build. It is not recommended to edit this file directly.
$data merge entity $(bone_carrot) { transformation: [-1f,3.169619151431765e-17f,1.1829179713786698e-16f,0.0625f,0f,0.9659258262890683f,-0.25881904510252074f,1.5209474788578166f,-1.2246467991473532e-16f,-0.25881904510252074f,-0.9659258262890683f,0.04661189868548273f,0f,0f,0f,1f], start_interpolation: 0, interpolation_duration: 1 }
$data merge entity $(bone_face) { transformation: [-1f,3.169619151431765e-17f,1.1829179713786698e-16f,0.0625f,0f,0.9659258262890683f,-0.25881904510252074f,1.5209474788578166f,-1.2246467991473532e-16f,-0.25881904510252074f,-0.9659258262890683f,0.04661189868548273f,0f,0f,0f,1f], start_interpolation: 0, interpolation_duration: 1 }
$data merge entity $(bone_hat) { transformation: [-1f,1.0673500138322977e-17f,1.21998664834562e-16f,2.7755575615628914e-17f,0f,0.9961946980917454f,-0.08715574274765814f,1.9652886953079598f,-1.2246467991473532e-16f,-0.08715574274765814f,-0.9961946980917454f,-0.3959727778043468f,0f,0f,0f,1f], start_interpolation: 0, interpolation_duration: 1 }
$data merge entity $(bone_head) { transformation: [-1f,3.169619151431765e-17f,1.1829179713786698e-16f,0.1875f,0f,0.9659258262890683f,-0.25881904510252074f,1.6875f,-1.2246467991473532e-16f,-0.25881904510252074f,-0.9659258262890683f,-0.05625f,0f,0f,0f,1f], start_interpolation: 0, interpolation_duration: 1 }
$data merge entity $(bone_buttons) { transformation: [-1f,2.1265768495757713e-17f,1.2060416625018976e-16f,0.0625f,0f,0.984807753012208f,-0.17364817766693033f,1.1315519140457282f,-1.2246467991473532e-16f,-0.17364817766693033f,-0.984807753012208f,0.15801698914845375f,0f,0f,0f,1f], start_interpolation: 0, interpolation_duration: 1 }
$data merge entity $(bone_scarf) { transformation: [-1f,2.1265768495757713e-17f,1.2060416625018976e-16f,0.25f,0f,0.984807753012208f,-0.17364817766693033f,0.7575961234938959f,-1.2246467991473532e-16f,-0.17364817766693033f,-0.984807753012208f,-0.1631759111665348f,0f,0f,0f,1f], start_interpolation: 0, interpolation_duration: 1 }
$data merge entity $(bone_body) { transformation: [-1f,2.1265768495757713e-17f,1.2060416625018976e-16f,-0.875f,0f,0.984807753012208f,-0.17364817766693033f,1.25f,-1.2246467991473532e-16f,-0.17364817766693033f,-0.984807753012208f,-0.2500000000000001f,0f,0f,0f,1f], start_interpolation: 0, interpolation_duration: 1 }
$data merge entity $(bone_bottom) { transformation: [-1f,6.580022455450643e-17f,1.0328566345430089e-16f,0.18750000000000003f,0f,0.8433914458128857f,-0.5372996083468239f,0.1875f,-1.2246467991473532e-16f,-0.5372996083468239f,-0.8433914458128857f,-0.3125f,0f,0f,0f,1f], start_interpolation: 0, interpolation_duration: 1 }
$data merge entity $(bone_leftarm) { transformation: [-0.981627183447664f,0.19080899537654486f,1.2246467991473532e-16f,-0.21875f,0.19080899537654486f,0.981627183447664f,0f,0.15625f,-1.2021465881652135e-16f,2.336736254364078e-17f,-1f,-2.678914873134835e-17f,0f,0f,0f,1f], start_interpolation: 0, interpolation_duration: 1 }
$data merge entity $(bone_rightarm) { transformation: [-0.9396926207859084f,0.3420201433256687f,1.2246467991473532e-16f,-0.875f,0.3420201433256687f,0.9396926207859084f,0f,1.0703125f,-1.1507915602278503e-16f,4.188538737676992e-17f,-1f,-1.071565949253934e-16f,0f,0f,0f,1f], start_interpolation: 0, interpolation_duration: 1 }