# This file was generated by Animated Java via MC-Build. It is not recommended to edit this file directly.
$data merge entity $(bone_carrot) { transformation: [-1f,5.890413562829539e-17f,1.0736806151040428e-16f,0.06250000000000003f,0f,0.8767267557075077f,-0.48098876891938763f,1.581419351556558f,-1.2246467991473532e-16f,-0.48098876891938763f,-0.8767267557075077f,-0.010498725819067495f,0f,0f,0f,1f], start_interpolation: 0, interpolation_duration: 1 }
$data merge entity $(bone_face) { transformation: [-1f,5.890413562829539e-17f,1.0736806151040428e-16f,0.06250000000000003f,0f,0.8767267557075077f,-0.48098876891938763f,1.581419351556558f,-1.2246467991473532e-16f,-0.48098876891938763f,-0.8767267557075077f,-0.010498725819067495f,0f,0f,0f,1f], start_interpolation: 0, interpolation_duration: 1 }
$data merge entity $(bone_hat) { transformation: [-1f,3.4269170634161413e-17f,1.17572198119561e-16f,8.326672684688674e-17f,0f,0.9600498543859286f,-0.27982901403099203f,1.9297487035778944f,-1.2246467991473532e-16f,-0.27982901403099203f,-0.9600498543859286f,-0.5580381993005654f,0f,0f,0f,1f], start_interpolation: 0, interpolation_duration: 1 }
$data merge entity $(bone_head) { transformation: [-1f,5.890413562829539e-17f,1.0736806151040428e-16f,0.18750000000000003f,0f,0.8767267557075077f,-0.48098876891938763f,1.71875f,-1.2246467991473532e-16f,-0.48098876891938763f,-0.8767267557075077f,-0.15f,0f,0f,0f,1f], start_interpolation: 0, interpolation_duration: 1 }
$data merge entity $(bone_buttons) { transformation: [-0.991357855015713f,-0.06628579987480554f,0.11320687273130384f,0.1278331229916143f,-0.10852622569881407f,0.8992016104917908f,-0.4238614420120564f,1.0947402093925238f,-0.07369980755886994f,-0.4324842845976337f,-0.898624327481656f,-0.007215102199121859f,0f,0f,0f,1f], start_interpolation: 0, interpolation_duration: 1 }
$data merge entity $(bone_scarf) { transformation: [-0.991357855015713f,-0.06628579987480554f,0.11320687273130384f,0.37758715349674676f,-0.10852622569881407f,0.8992016104917908f,-0.4238614420120564f,0.6724911986652704f,-0.07369980755886994f,-0.4324842845976337f,-0.898624327481656f,-0.20084557419745458f,0f,0f,0f,1f], start_interpolation: 0, interpolation_duration: 1 }
$data merge entity $(bone_body) { transformation: [-0.991357855015713f,-0.06628579987480554f,0.11320687273130384f,-0.7708333333333333f,-0.10852622569881407f,0.8992016104917908f,-0.4238614420120564f,1f,-0.07369980755886994f,-0.4324842845976337f,-0.898624327481656f,-0.5000000000000001f,0f,0f,0f,1f], start_interpolation: 0, interpolation_duration: 1 }
$data merge entity $(bone_bottom) { transformation: [-1f,7.560714385707764e-17f,9.633876491004928e-17f,0.18750000000000003f,0f,0.786665714368617f,-0.6173791815707049f,0.0625f,-1.2246467991473532e-16f,-0.6173791815707049f,-0.786665714368617f,-0.3125f,0f,0f,0f,1f], start_interpolation: 0, interpolation_duration: 1 }
$data merge entity $(bone_leftarm) { transformation: [-0.9271838545667874f,0.374606593415912f,1.2246467991473532e-16f,-0.2734375f,0.374606593415912f,0.9271838545667874f,0f,0.1953125f,-1.1354727397163214e-16f,4.587607655662906e-17f,-1f,-3.348643591418544e-17f,0f,0f,0f,1f], start_interpolation: 0, interpolation_duration: 1 }
$data merge entity $(bone_rightarm) { transformation: [-0.7660444431189781f,0.6427876096865394f,1.2246467991473532e-16f,-0.875f,0.6427876096865394f,0.7660444431189781f,0f,0.890625f,-9.381338752702732e-17f,7.871877887341986e-17f,-1f,-1.071565949253934e-16f,0f,0f,0f,1f], start_interpolation: 0, interpolation_duration: 1 }