# This file was generated by Animated Java via MC-Build. It is not recommended to edit this file directly.
$data merge entity $(bone_carrot) { transformation: [-1f,8.27359385291814e-17f,9.029043306084037e-17f,0.0625f,0f,0.7372773368101242f,-0.6755902076156601f,1.6497624485264826f,-1.2246467991473532e-16f,-0.6755902076156601f,-0.7372773368101242f,-0.07560498587649425f,0f,0f,0f,1f], start_interpolation: 0, interpolation_duration: 1 }
$data merge entity $(bone_face) { transformation: [-1f,8.27359385291814e-17f,9.029043306084037e-17f,0.0625f,0f,0.7372773368101242f,-0.6755902076156601f,1.6497624485264826f,-1.2246467991473532e-16f,-0.6755902076156601f,-0.7372773368101242f,-0.07560498587649425f,0f,0f,0f,1f], start_interpolation: 0, interpolation_duration: 1 }
$data merge entity $(bone_hat) { transformation: [-1f,9.381338752702728e-17f,7.871877887341989e-17f,5.551115123125783e-17f,0f,0.6427876096865396f,-0.7660444431189779f,1.9564905659012974f,-1.2246467991473532e-16f,-0.7660444431189779f,-0.6427876096865396f,-0.5827264725929218f,0f,0f,0f,1f], start_interpolation: 0, interpolation_duration: 1 }
$data merge entity $(bone_head) { transformation: [-1f,8.27359385291814e-17f,9.029043306084037e-17f,0.18750000000000003f,0f,0.7372773368101242f,-0.6755902076156601f,1.75f,-1.2246467991473532e-16f,-0.6755902076156601f,-0.7372773368101242f,-0.24375f,0f,0f,0f,1f], start_interpolation: 0, interpolation_duration: 1 }
$data merge entity $(bone_buttons) { transformation: [-0.9657094397538988f,-0.06737574224399144f,0.2507305073725218f,0.15572787883758787f,-0.21400150285871256f,0.753370743655519f,-0.6218005141346721f,1.046430840508477f,-0.14699875762884324f,-0.6541353315339276f,-0.7419557488789847f,-0.20666766080023524f,0f,0f,0f,1f], start_interpolation: 0, interpolation_duration: 1 }
$data merge entity $(bone_scarf) { transformation: [-0.9657094397538988f,-0.06737574224399144f,0.2507305073725218f,0.45344432417846525f,-0.21400150285871256f,0.753370743655519f,-0.6218005141346721f,0.6140663188882921f,-0.14699875762884324f,-0.6541353315339276f,-0.7419557488789847f,-0.2575587319005877f,0f,0f,0f,1f], start_interpolation: 0, interpolation_duration: 1 }
$data merge entity $(bone_body) { transformation: [-0.9657094397538988f,-0.06737574224399144f,0.2507305073725218f,-0.6666666666666666f,-0.21400150285871256f,0.753370743655519f,-0.6218005141346721f,0.75f,-0.14699875762884324f,-0.6541353315339276f,-0.7419557488789847f,-0.7500000000000001f,0f,0f,0f,1f], start_interpolation: 0, interpolation_duration: 1 }
$data merge entity $(bone_bottom) { transformation: [-1f,8.468592503323614e-17f,8.846407139558798e-17f,0.18750000000000003f,0f,0.7223639620597556f,-0.6915130557822694f,-0.062499999999999944f,-1.2246467991473532e-16f,-0.6915130557822694f,-0.7223639620597556f,-0.3125f,0f,0f,0f,1f], start_interpolation: 0, interpolation_duration: 1 }
$data merge entity $(bone_leftarm) { transformation: [-0.838670567945424f,0.5446390350150271f,1.2246467991473532e-16f,-0.32812499999999994f,0.5446390350150271f,0.838670567945424f,0f,0.23437499999999997f,-1.0270752265734564e-16f,6.669904509218561e-17f,-1f,-4.018372309702252e-17f,0f,0f,0f,1f], start_interpolation: 0, interpolation_duration: 1 }
$data merge entity $(bone_rightarm) { transformation: [-0.7660444431189781f,0.6427876096865394f,1.2246467991473532e-16f,-0.875f,0.6427876096865394f,0.7660444431189781f,0f,0.7109375000000001f,-9.381338752702732e-17f,7.871877887341986e-17f,-1f,-1.071565949253934e-16f,0f,0f,0f,1f], start_interpolation: 0, interpolation_duration: 1 }