# This file was generated by Animated Java via MC-Build. It is not recommended to edit this file directly.
$data merge entity $(bone_carrot) { transformation: [-1f,1.0605752387249068e-16f,6.123233995736767e-17f,0.06250000000000003f,0f,0.5000000000000001f,-0.8660254037844386f,1.1424639289628746f,-1.2246467991473532e-16f,-0.8660254037844386f,-0.5000000000000001f,-0.3657452367904178f,0f,0f,0f,1f], start_interpolation: 0, interpolation_duration: 1 }
$data merge entity $(bone_face) { transformation: [-1f,1.0605752387249068e-16f,6.123233995736767e-17f,0.06250000000000003f,0f,0.5000000000000001f,-0.8660254037844386f,1.1424639289628746f,-1.2246467991473532e-16f,-0.8660254037844386f,-0.5000000000000001f,-0.3657452367904178f,0f,0f,0f,1f], start_interpolation: 0, interpolation_duration: 1 }
$data merge entity $(bone_hat) { transformation: [-1f,1.2234812067540777e-16f,5.341834311772768e-18f,8.326672684688674e-17f,0f,0.04361938736533638f,-0.9990482215818578f,1.408796733050699f,-1.2246467991473532e-16f,-0.9990482215818578f,-0.04361938736533638f,-0.8687138518594839f,0f,0f,0f,1f], start_interpolation: 0, interpolation_duration: 1 }
$data merge entity $(bone_head) { transformation: [-1f,1.0605752387249068e-16f,6.123233995736767e-17f,0.18750000000000006f,0f,0.5000000000000001f,-0.8660254037844386f,1.1875f,-1.2246467991473532e-16f,-0.8660254037844386f,-0.5000000000000001f,-0.55625f,0f,0f,0f,1f], start_interpolation: 0, interpolation_duration: 1 }
$data merge entity $(bone_buttons) { transformation: [-0.9238795607930645f,4.168756273911992e-9f,0.3826833640868311f,0.15773905490375195f,-0.3134758510555304f,0.5735764615135807f,-0.7567978155376579f,0.9748671910044955f,-0.21949817300794355f,-0.8191520266699949f,-0.5299155680376026f,-0.438599147490093f,0f,0f,0f,1f], start_interpolation: 0, interpolation_duration: 1 }
$data merge entity $(bone_scarf) { transformation: [-0.9238795607930645f,4.168756273911992e-9f,0.3826833640868311f,0.47686450380781953f,-0.3134758510555304f,0.5735764615135807f,-0.7567978155376579f,0.5658721016806814f,-0.21949817300794355f,-0.8191520266699949f,-0.5299155680376026f,-0.34348854203106605f,0f,0f,0f,1f], start_interpolation: 0, interpolation_duration: 1 }
$data merge entity $(bone_body) { transformation: [-0.9238795607930645f,4.168756273911992e-9f,0.3826833640868311f,-0.5624999999999999f,-0.3134758510555304f,0.5735764615135807f,-0.7567978155376579f,0.5f,-0.21949817300794355f,-0.8191520266699949f,-0.5299155680376026f,-1f,0f,0f,0f,1f], start_interpolation: 0, interpolation_duration: 1 }
$data merge entity $(bone_bottom) { transformation: [-1f,9.294913445728886e-17f,7.973742051420658e-17f,0.18750000000000003f,0f,0.6511054499119491f,-0.7589872812471617f,-0.1874999999999999f,-1.2246467991473532e-16f,-0.7589872812471617f,-0.6511054499119491f,-0.3125f,0f,0f,0f,1f], start_interpolation: 0, interpolation_duration: 1 }
$data merge entity $(bone_leftarm) { transformation: [-0.7193398003386513f,0.6946583704589971f,1.2246467991473532e-16f,-0.38281249999999994f,0.6946583704589971f,0.7193398003386513f,0f,0.27343749999999994f,-8.809371839840255e-17f,8.507111498835272e-17f,-1f,-4.688101027985961e-17f,0f,0f,0f,1f], start_interpolation: 0, interpolation_duration: 1 }
$data merge entity $(bone_rightarm) { transformation: [-0.7660444431189781f,0.6427876096865394f,1.2246467991473532e-16f,-0.875f,0.6427876096865394f,0.7660444431189781f,0f,0.5312500000000001f,-9.381338752702732e-17f,7.871877887341986e-17f,-1f,-1.071565949253934e-16f,0f,0f,0f,1f], start_interpolation: 0, interpolation_duration: 1 }