# This file was generated by Animated Java via MC-Build. It is not recommended to edit this file directly.
$data merge entity $(bone_carrot) { transformation: [-1f,1.1507915602278503e-16f,4.1885387376769936e-17f,0.06250000000000003f,0f,0.3420201433256689f,-0.9396926207859083f,0.5981039330456445f,-1.2246467991473532e-16f,-0.9396926207859083f,-0.3420201433256689f,-0.36081900054057336f,0f,0f,0f,1f], start_interpolation: 0, interpolation_duration: 1 }
$data merge entity $(bone_face) { transformation: [-1f,1.1507915602278503e-16f,4.1885387376769936e-17f,0.06250000000000003f,0f,0.3420201433256689f,-0.9396926207859083f,0.5981039330456445f,-1.2246467991473532e-16f,-0.9396926207859083f,-0.3420201433256689f,-0.36081900054057336f,0f,0f,0f,1f], start_interpolation: 0, interpolation_duration: 1 }
$data merge entity $(bone_hat) { transformation: [-1f,5.968337375838995e-17f,-1.0693686325788177e-16f,1.1102230246251565e-16f,0f,-0.8732057547721954f,-0.48735173112724284f,0.8994372865714167f,-1.2246467991473532e-16f,-0.48735173112724284f,0.8732057547721954f,-0.945075218400912f,0f,0f,0f,1f], start_interpolation: 0, interpolation_duration: 1 }
$data merge entity $(bone_head) { transformation: [-1f,1.1507915602278503e-16f,4.1885387376769936e-17f,0.18750000000000006f,0f,0.3420201433256689f,-0.9396926207859083f,0.609375f,-1.2246467991473532e-16f,-0.9396926207859083f,-0.3420201433256689f,-0.55625f,0f,0f,0f,1f], start_interpolation: 0, interpolation_duration: 1 }
$data merge entity $(bone_buttons) { transformation: [-0.9238795607930645f,0.11507511093052893f,0.36497160984539684f,0.14291507869046638f,-0.31347585105553033f,0.31945610171135097f,-0.8942486734037676f,0.3874178980288677f,-0.2194981730079435f,-0.9405878576314461f,-0.25906569460749035f,-0.7065914434300511f,0f,0f,0f,1f], start_interpolation: 0, interpolation_duration: 1 }
$data merge entity $(bone_scarf) { transformation: [-0.9238795607930645f,0.11507511093052893f,0.36497160984539684f,0.41932695042693324f,-0.31347585105553033f,0.31945610171135097f,-0.8942486734037676f,0.00543228158179615f,-0.2194981730079435f,-0.9405878576314461f,-0.25906569460749035f,-0.47027062655034046f,0f,0f,0f,1f], start_interpolation: 0, interpolation_duration: 1 }
$data merge entity $(bone_body) { transformation: [-0.9238795607930645f,0.11507511093052893f,0.36497160984539684f,-0.5624999999999999f,-0.31347585105553033f,0.31945610171135097f,-0.8942486734037676f,-0.1875f,-0.2194981730079435f,-0.9405878576314461f,-0.25906569460749035f,-1.1875f,0f,0f,0f,1f], start_interpolation: 0, interpolation_duration: 1 }
$data merge entity $(bone_bottom) { transformation: [-1f,1.0031719290535246e-16f,7.024285468436544e-17f,0.18750000000000003f,0f,0.5735764363510463f,-0.8191520442889917f,-0.6875f,-1.2246467991473532e-16f,-0.8191520442889917f,-0.5735764363510463f,-0.3125f,0f,0f,0f,1f], start_interpolation: 0, interpolation_duration: 1 }
$data merge entity $(bone_leftarm) { transformation: [-0.5735764363510463f,0.8191520442889917f,1.2246467991473532e-16f,-0.4375f,0.8191520442889917f,0.5735764363510463f,0f,0.041666666666666796f,-7.024285468436544e-17f,1.0031719290535246e-16f,-1f,-5.35782974626967e-17f,0f,0f,0f,1f], start_interpolation: 0, interpolation_duration: 1 }
$data merge entity $(bone_rightarm) { transformation: [-0.7660444431189781f,0.6427876096865394f,1.2246467991473532e-16f,-0.875f,0.6427876096865394f,0.7660444431189781f,0f,0.17187499999999978f,-9.381338752702732e-17f,7.871877887341986e-17f,-1f,-1.071565949253934e-16f,0f,0f,0f,1f], start_interpolation: 0, interpolation_duration: 1 }